30100,'Weekday',608,,18063,1,,,1,30,,18061,1,,,1,70,,18065,1,,,1,31,,18066,1,,,1,78,,18057,1,,,1,93,,18045,1,,,1,30,,18046,1,,,1,70,,18047,1,,,1,28,,18048,1,,,1,70,,18049,1,,,1,32,,18050,1,,,1,65,,18051,1,,,1,35,,18052,1,,,1,70,,18053,1,,,1,30,,18054,1,,,1,70,,18055,1,,,1,30,,18056,1,,,1,70,,18060,1,,,1,45,,18058,1,,,1,82,,18067,1,,,1,70,,18069,1,,,1,30,,18068,1,,,1,70,,18064,1,,,1,30,,18059,1,,,1,85,,18070,1,,,1
30101,'Weekday',529,,18090,27,4,,1,75,,18097,27,4,,1,43,,18094,27,4,,1,70,,18088,27,4,,1,30,,18096,27,4,,1,81,,18089,27,4,,1,78,,18072,27,4,,1,44,,18073,27,4,,1,70,,18074,27,4,,1,30,,18075,27,4,,1,68,,18076,27,4,,1,30,,18077,27,4,,1,72,,18078,27,4,,1,25,,18079,27,4,,1,75,,18080,27,4,,1,30,,18081,27,4,,1,70,,18082,27,4,,1,30,,18083,27,4,,1,70,,18084,27,4,,1,30,,18085,27,4,,1,85,,18087,27,4,,1,82,,18095,27,4,,1,30,,18092,27,4,,1,70,,18086,27,4,,1,30,,18091,27,4,,1,70,,18093,27,4,,1
30200,'SatSun',625,,18098,1,,,1,30,,18099,1,,,1,70,,18100,1,,,1,30,,18101,1,,,1,70,,18102,1,,,1,30,,18103,1,,,1,70,,18104,1,,,1,30,,18105,1,,,1,70,,18106,1,,,1,30,,18107,1,,,1,70,,18108,1,,,1,30,,18109,1,,,1,70,,18110,1,,,1,30,,18111,1,,,1,70,,18112,1,,,1,30,,18113,1,,,1,70,,18114,1,,,1,30,,18115,1,,,1,70,,18116,1,,,1,30,,18117,1,,,1,70,,18118,1,,,1,30,,18119,1,,,1,70,,18120,1,,,1,30,,18121,1,,,1,70,,18122,1,,,1,30,,18123,1,,,1,70,,18124,1,,,1,30,,18125,1,,,1,70,,18126,1,,,1,30,,18127,1,,,1,70,,18128,1,,,1,30,,18129,1,,,1,80,,18130,1,,,1,20,,18131,1,,,1
30200,'Weekday',523,,18134,1,,,1,30,,18135,1,,,1,70,,18136,1,,,1,15,,18170,1,0,5 16 17,1,15,,18137,1,,,1,55,,18171,1,0,5 16 17,1,15,,18138,1,,,1,15,,18172,1,0,5 16 17,1,17,,18139,1,,,1,68,,18140,1,,,1,30,,18141,1,,,1,70,,18142,1,,,1,30,,18143,1,,,1,70,,18144,1,,,1,30,,18145,1,,,1,70,,18146,1,,,1,30,,18147,1,,,1,70,,18148,1,,,1,30,,18149,1,,,1,70,,18150,1,,,1,30,,18151,1,,,1,70,,18152,1,,,1,30,,18153,1,,,1,70,,18154,1,,,1,30,,18155,1,,,1,55,,18173,1,0,5 16 17,1,15,,18156,1,,,1,15,,18174,1,0,5 16 17,1,15,,18157,1,,,1,54,,18175,1,0,5 16 17,1,10,,18158,1,,,1,11,,18176,1,0,5 16 17,1,19,,18159,1,,,1,55,,18177,1,0,5 16 17,1,15,,18160,1,,,1,15,,18178,1,0,5 16 17,1,21,,18161,1,,,1,70,,18162,1,,,1,30,,18163,1,,,1,70,,18164,1,,,1,30,,18165,1,,,1,70,,18166,1,,,1,30,,18167,1,,,1,70,,18168,1,,,1,30,,18169,1,,,1
30201,'SatSun',632,,18179,53,4,,1,70,,18180,53,4,,1,30,,18181,53,4,,1,70,,18182,53,4,,1,30,,18183,53,4,,1,70,,18184,53,4,,1,30,,18185,53,4,,1,70,,18186,53,4,,1,32,,18195,53,4,,1,70,,18196,53,4,,1,30,,18197,53,4,,1,70,,18198,53,4,,1,30,,18199,53,4,,1,70,,18200,53,4,,1,30,,18201,53,4,,1,70,,18202,53,4,,1,30,,18203,53,4,,1,70,,18204,53,4,,1,30,,18205,53,4,,1,70,,18206,53,4,,1,30,,18207,53,4,,1,70,,18208,53,4,,1,30,,18209,53,4,,1,70,,18210,53,4,,1,30,,18211,53,4,,1,68,,18187,53,4,,1,30,,18188,53,4,,1,70,,18189,53,4,,1,30,,18190,53,4,,1,70,,18191,53,4,,1,30,,18192,53,4,,1,70,,18193,53,4,,1,30,,18194,53,4,,1
30201,'Weekday',501,,18212,53,4,,1,32,,18213,53,4,,1,75,,18214,53,4,,1,30,,18215,53,4,,1,20,,18248,51,4,,1,50,,18216,53,4,,1,20,,18249,51,4,,1,10,,18217,53,4,,1,20,,18250,51,4,,1,50,,18218,53,4,,1,20,,18251,51,4,,1,10,,18219,53,4,,1,20,,18252,51,4,,1,50,,18220,53,4,,1,20,,18253,51,4,,1,10,,18221,53,4,,1,67,,18222,53,4,,1,30,,18223,53,4,,1,70,,18224,53,4,,1,30,,18225,53,4,,1,70,,18226,53,4,,1,30,,18227,53,4,,1,70,,18228,53,4,,1,28,,18229,53,4,,1,70,,18230,53,4,,1,30,,18231,53,4,,1,70,,18232,53,4,,1,34,,18233,53,4,,1,20,,18254,51,4,,1,50,,18234,53,4,,1,20,,18255,51,4,,1,10,,18235,53,4,,1,20,,18256,51,4,,1,50,,18236,53,4,,1,20,,18257,51,4,,1,10,,18237,53,4,,1,20,,18258,51,4,,1,50,,18238,53,4,,1,20,,18259,51,4,,1,10,,18239,53,4,,1,20,,18260,51,4,,1,46,,18240,53,4,,1,27,,18241,53,4,,1,70,,18242,53,4,,1,34,,18243,53,4,,1,66,,18244,53,4,,1,30,,18245,53,4,,1,70,,18246,53,4,,1,30,,18247,53,4,,1
30600,'Weekday',548,,18261,1,,,1,70,,18262,1,,,1,30,,18263,1,,,1,74,,18264,1,,,1,30,,18265,1,,,1,70,,18266,1,,,1,30,,18267,1,,,1,598,,18276,1,,,1,174,,18268,1,,,1,30,,18269,1,,,1,73,,18270,1,,,1,30,,18271,1,,,1,70,,18272,1,,,1,30,,18273,1,,,1,70,,18274,1,,,1
30601,'Weekday',530,,18277,19,4,,1,70,,18278,19,4,,1,30,,18279,19,4,,1,70,,18280,19,4,,1,30,,18281,19,4,,1,74,,18282,19,4,,1,30,,18283,19,4,,1,70,,18284,19,4,,1,543,,18291,19,4,,1,87,,18292,19,4,,1,174,,18285,19,4,,1,30,,18286,19,4,,1,73,,18287,19,4,,1,30,,18288,19,4,,1,70,,18289,19,4,,1,30,,18290,19,4,,1
31501,'Weekday',615,,18296,1,,,1,11,,18296,11,4,,1,19,,18303,1,,,1,11,,18303,11,4,,1,59,,18302,1,,,1,11,,18302,11,4,,1,19,,18300,1,,,1,11,,18300,11,4,,1,59,,18299,1,,,1,11,,18299,11,4,,1,19,,18298,1,,,1,11,,18298,11,4,,1,752,,18301,1,,,1,11,,18301,11,4,,1,19,,18293,1,,,1,11,,18293,11,4,,1,53,,18295,1,,,1,11,,18295,11,4,,1,19,,18297,1,,,1,11,,18297,11,4,,1,59,,18294,1,,,1,11,,18294,11,4,,1,28,,18304,1,,,1,11,,18304,11,4,,1
31900,'Weekday',627,,18330,1,,,1,28,,18328,1,,,1,72,,18325,1,,,1,28,,18323,1,,,1,75,,18331,1,,,1,29,,18305,1,,,1,64,,18306,1,,,1,30,,18307,1,,,1,70,,18308,1,,,1,30,,18309,1,,,1,67,,18310,1,,,1,35,,18311,1,,,1,68,,18312,1,,,1,27,,18313,1,,,1,73,,18314,1,,,1,30,,18315,1,,,1,72,,18316,1,,,1,28,,18317,1,,,1,70,,18320,1,,,1,30,,18318,1,,,1,69,,18321,1,,,1,30,,18322,1,,,1,70,,18327,1,,,1,30,,18324,1,,,1,70,,18326,1,,,1,33,,18319,1,,,1,70,,18329,1,,,1
31901,'Weekday',559,,18357,33,4,,1,72,,18346,33,4,,1,72,,18352,33,4,,1,28,,18356,33,4,,1,72,,18349,33,4,,1,28,,18353,33,4,,1,75,,18360,33,4,,1,29,,18332,33,4,,1,68,,18333,33,4,,1,30,,18334,33,4,,1,70,,18335,33,4,,1,30,,18336,33,4,,1,67,,18337,33,4,,1,35,,18338,33,4,,1,68,,18339,33,4,,1,27,,18340,33,4,,1,73,,18341,33,4,,1,30,,18342,33,4,,1,72,,18343,33,4,,1,28,,18358,33,4,,1,72,,18355,33,4,,1,28,,18345,33,4,,1,69,,18348,33,4,,1,30,,18347,33,4,,1,70,,18344,33,4,,1,30,,18350,33,4,,1,70,,18354,33,4,,1,33,,18351,33,4,,1,70,,18359,33,4,,1
39200,'Weekday',616,,18361,9,4,,1,42,,18363,9,4,,1,70,,18382,9,4,,1,25,,18387,9,4,,1,75,,18378,9,4,,1,29,,18365,9,4,,1,70,,18362,9,4,,1,30,,18369,9,4,,1,70,,18370,9,4,,1,79,,18384,9,4,,1,30,,18373,9,4,,1,70,,18368,9,4,,1,30,,18374,9,4,,1,72,,18379,9,4,,1,30,,18372,9,4,,1,70,,18381,9,4,,1,30,,18367,9,4,,1,70,,18385,9,4,,1,30,,18366,9,4,,1,68,,18383,9,4,,1,25,,18377,9,4,,1,70,,18364,9,4,,1,30,,18371,9,4,,1,70,,18386,9,4,,1,30,,18376,9,4,,1,70,,18380,9,4,,1,30,,18375,9,4,,1
39201,'Weekday',643,,18395,1,,,1,70,,18392,1,,,1,25,,18412,1,,,1,75,,18391,1,,,1,29,,18397,1,,,1,70,,18411,1,,,1,30,,18410,1,,,1,70,,18408,1,,,1,39,,18388,1,,,1,70,,18393,1,,,1,30,,18413,1,,,1,70,,18405,1,,,1,32,,18402,1,,,1,70,,18389,1,,,1,30,,18399,1,,,1,70,,18394,1,,,1,30,,18407,1,,,1,70,,18401,1,,,1,28,,18396,1,,,1,65,,18403,1,,,1,30,,18400,1,,,1,70,,18390,1,,,1,30,,18409,1,,,1,70,,18398,1,,,1,30,,18406,1,,,1,70,,18404,1,,,1
90500,'SatSun',612,,20442,1,0,5 19,1,30,,20454,1,0,7 20 21,1,70,,20455,1,0,7 20 21,1,30,,20443,1,0,5 19,1,70,,20456,1,0,7 20 21,1,30,,20457,1,0,7 20 21,1,68,,20444,1,0,5 19,1,30,,20458,1,0,7 20 21,1,70,,20459,1,0,7 20 21,1,30,,20445,1,0,5 19,1,70,,20460,1,0,7 20 21,1,30,,20461,1,0,7 20 21,1,70,,20446,1,0,5 19,1,30,,20462,1,0,7 20 21,1,70,,20463,1,0,7 20 21,1,30,,20447,1,0,5 19,1,70,,20464,1,0,7 20 21,1,30,,20465,1,0,7 20 21,1,70,,20448,1,0,5 19,1,30,,20466,1,0,7 20 21,1,70,,20467,1,0,7 20 21,1,30,,20449,1,0,5 19,1,70,,20468,1,0,7 20 21,1,30,,20469,1,0,7 20 21,1,70,,20450,1,0,5 19,1,30,,20470,1,0,7 20 21,1,70,,20471,1,0,7 20 21,1,30,,20451,1,0,5 19,1,70,,20472,1,0,7 20 21,1,30,,20473,1,0,7 20 21,1,70,,20452,1,0,5 19,1,30,,20474,1,0,7 20 21,1,70,,20475,1,0,7 20 21,1,30,,20453,1,0,5 19,1,82,,20476,1,0,7 20 21,1,18,,20477,1,0,7 20 21,1,70,,20478,1,0,7 20 21,1
90500,'Weekday',420,,20537,1,0,54 20 21,1,129,,20502,1,0,5 19,1,71,,20479,1,0,7 20 21,1,30,,20480,1,0,7 20 21,1,55,,20514,1,0,54 20 21,1,14,,20503,1,0,5 19,1,16,,20515,1,0,54 20 21,1,15,,20481,1,0,7 20 21,1,55,,20516,1,0,54 20 21,1,15,,20482,1,0,7 20 21,1,15,,20517,1,0,54 20 21,1,14,,20504,1,0,5 19,1,56,,20518,1,0,54 20 21,1,15,,20483,1,0,7 20 21,1,15,,20519,1,0,54 20 21,1,15,,20484,1,0,7 20 21,1,55,,20520,1,0,54 20 21,1,14,,20505,1,0,5 19,1,16,,20521,1,0,54 20 21,1,15,,20485,1,0,7 20 21,1,55,,20522,1,0,54 20 21,1,15,,20486,1,0,7 20 21,1,15,,20523,1,0,54 20 21,1,14,,20506,1,0,5 19,1,55,,20524,1,0,54 20 21,1,14,,20487,1,0,7 20 21,1,16,,20525,1,0,54 20 21,1,14,,20488,1,0,7 20 21,1,56,,20526,1,0,54 20 21,1,22,,20507,1,0,5 19,1,15,,20527,1,0,54 20 21,1,15,,20489,1,0,7 20 21,1,55,,20528,1,0,54 20 21,1,15,,20490,1,0,7 20 21,1,11,,20529,1,0,54 20 21,1,19,,20508,1,0,5 19,1,55,,20530,1,0,54 20 21,1,15,,20491,1,0,7 20 21,1,15,,20531,1,0,54 20 21,1,15,,20492,1,0,7 20 21,1,55,,20532,1,0,54 20 21,1,15,,20509,1,0,5 19,1,15,,20533,1,0,54 20 21,1,15,,20493,1,0,7 20 21,1,55,,20534,1,0,54 20 21,1,15,,20494,1,0,7 20 21,1,15,,20535,1,0,54 20 21,1,15,,20510,1,0,5 19,1,53,,20536,1,0,54 20 21,1,17,,20495,1,0,7 20 21,1,30,,20496,1,0,7 20 21,1,70,,20511,1,0,5 19,1,30,,20497,1,0,7 20 21,1,70,,20498,1,0,7 20 21,1,30,,20512,1,0,5 19,1,70,,20499,1,0,7 20 21,1,30,,20500,1,0,7 20 21,1,70,,20513,1,0,5 19,1,30,,20501,1,0,7 20 21,1,70,,20538,1,0,7 20 21,1,30,,20539,1,0,54 20 21,1,70,,20540,1,0,7 20 21,1
90501,'SatSun',620,,20552,43,4,,1,30,,20553,43,4,,1,68,,20541,79,4,,1,30,,20554,43,4,,1,70,,20555,43,4,,1,30,,20542,79,4,,1,70,,20556,43,4,,1,30,,20557,43,4,,1,70,,20543,79,4,,1,32,,20558,43,4,,1,70,,20559,43,4,,1,28,,20544,79,4,,1,72,,20560,43,4,,1,30,,20561,43,4,,1,69,,20545,79,4,,1,32,,20568,43,4,,1,70,,20569,43,4,,1,28,,20546,79,4,,1,72,,20570,43,4,,1,30,,20571,43,4,,1,68,,20547,79,4,,1,32,,20572,43,4,,1,70,,20573,43,4,,1,28,,20548,79,4,,1,70,,20574,43,4,,1,29,,20562,43,4,,1,70,,20549,79,4,,1,30,,20563,43,4,,1,70,,20564,43,4,,1,30,,20550,79,4,,1,70,,20565,43,4,,1,30,,20566,43,4,,1,85,,20551,79,4,,1,15,,20567,43,4,,1,70,,20575,43,4,,1,32,,20576,43,4,,1,80,,20577,43,4,,1,20,,20578,43,4,,1
90501,'Weekday',506,,20638,35,4,,1,98,,20590,43,4,,1,30,,20591,43,4,,1,74,,20579,79,4,,1,11,,20615,35,4,,1,15,,20592,43,4,,1,17,,20616,35,4,,1,53,,20593,43,4,,1,15,,20617,35,4,,1,19,,20580,79,4,,1,11,,20618,35,4,,1,55,,20594,43,4,,1,15,,20619,35,4,,1,15,,20595,43,4,,1,15,,20620,35,4,,1,59,,20581,79,4,,1,11,,20621,35,4,,1,15,,20596,43,4,,1,15,,20622,35,4,,1,55,,20597,43,4,,1,15,,20623,35,4,,1,15,,20582,79,4,,1,15,,20624,35,4,,1,55,,20598,43,4,,1,15,,20625,35,4,,1,15,,20599,43,4,,1,15,,20626,35,4,,1,55,,20583,79,4,,1,14,,20627,35,4,,1,14,,20600,43,4,,1,16,,20628,35,4,,1,54,,20601,43,4,,1,16,,20629,35,4,,1,23,,20584,79,4,,1,14,,20630,35,4,,1,55,,20602,43,4,,1,15,,20631,35,4,,1,15,,20603,43,4,,1,15,,20632,35,4,,1,55,,20585,79,4,,1,19,,20633,35,4,,1,15,,20604,43,4,,1,15,,20634,35,4,,1,55,,20605,43,4,,1,15,,20641,35,4,,1,15,,20586,79,4,,1,15,,20635,35,4,,1,55,,20606,43,4,,1,15,,20636,35,4,,1,15,,20607,43,4,,1,15,,20637,35,4,,1,55,,20587,79,4,,1,30,,20608,43,4,,1,70,,20609,43,4,,1,30,,20588,79,4,,1,70,,20610,43,4,,1,30,,20611,43,4,,1,70,,20589,79,4,,1,30,,20612,43,4,,1,70,,20613,43,4,,1,19,,20614,79,4,,1,81,,20639,43,4,,1,30,,20640,35,4,,1
91700,'SatSun',502,,21019,22,,,1,57,,21060,35,,,1,70,,21020,35,,,1,30,,21021,35,,,1,70,,21022,35,,,1,30,,21023,35,,,1,73,,21024,35,,,1,27,,21025,35,,,1,70,,21026,35,,,1,30,,21027,35,,,1,70,,21028,35,,,1,30,,21029,35,,,1,70,,21030,35,,,1,30,,21031,35,,,1,70,,21032,35,,,1,30,,21033,35,,,1,70,,21034,35,,,1,30,,21035,35,,,1,70,,21036,35,,,1,30,,21037,35,,,1,70,,21038,35,,,1,30,,21039,35,,,1,70,,21040,35,,,1,30,,21041,35,,,1,70,,21042,35,,,1,30,,21043,35,,,1,70,,21044,35,,,1,30,,21045,35,,,1,70,,21046,35,,,1,30,,21047,35,,,1,70,,21048,35,,,1,75,,21049,35,,,1,30,,21050,35,,,1,70,,21051,35,,,1,25,,21052,35,,,1,30,,21053,35,,,1,67,,21054,35,,,1,30,,21055,35,,,1,70,,21056,35,,,1,30,,21057,35,,,1
91700,'Weekday',502,,21101,22,,,1,29,,21083,35,,,1,70,,21100,35,,,1,30,,21067,35,,,1,76,,21066,35,,,1,30,,21064,35,,,1,70,,21099,35,,,1,34,,21081,35,,,1,70,,21073,35,,,1,30,,21080,35,,,1,79,,21072,35,,,1,30,,21095,35,,,1,70,,21084,35,,,1,32,,21077,35,,,1,73,,21076,35,,,1,75,,21094,35,,,1,30,,21074,35,,,1,26,,21090,35,,,1,68,,21063,35,,,1,23,,21097,35,,,1,75,,21082,35,,,1,25,,21061,35,,,1,70,,21078,35,,,1,28,,21089,35,,,1,70,,21092,35,,,1,30,,21071,35,,,1,11,,21068,35,,,1,70,,21075,35,,,1,30,,21086,35,,,1,70,,21069,35,,,1,30,,21065,35,,,1,70,,21085,35,,,1,30,,21087,35,,,1,70,,21091,35,,,1,30,,21098,35,,,1,70,,21088,35,,,1,30,,21096,35,,,1,70,,21079,35,,,1,30,,21070,35,,,1,70,,21093,35,,,1,30,,21062,35,,,1
91701,'SatSun',544,2,21105,16,,,1,94,,21106,16,,,1,70,,21107,16,,,1,33,,21108,16,,,1,70,,21109,16,,,1,30,,21110,16,,,1,70,,21111,16,,,1,30,,21112,16,,,1,70,,21113,16,,,1,30,,21114,16,,,1,70,,21115,16,,,1,30,,21116,16,,,1,70,,21117,16,,,1,30,,21118,16,,,1,70,,21119,16,,,1,30,,21120,16,,,1,70,,21121,16,,,1,30,,21122,16,,,1,70,,21123,16,,,1,30,,21124,16,,,1,70,,21125,16,,,1,30,,21126,16,,,1,70,,21127,16,,,1,30,,21128,16,,,1,70,,21129,16,,,1,30,,21130,16,,,1,70,,21131,16,,,1,34,5,21132,16,,,1,70,5,21133,16,,,1,30,5,21134,16,,,1,65,,21135,16,,,1,30,,21136,16,,,1,71,2,21137,16,,,1,30,2,21138,16,,,1,70,2,21139,16,,,1,30,2,21140,16,,,1,70,2,21141,16,,,1,30,2,21142,16,,,1
91701,'Weekday',405,,21173,1,,,1,30,,21166,1,,,1,70,,21156,16,,,1,36,,21178,16,,,1,70,,21168,16,,,1,30,,21183,16,,,1,74,,21149,16,,,1,30,,21160,16,,,1,70,,21145,16,,,1,39,,21177,16,,,1,70,,21171,16,,,1,35,,21144,16,,,1,70,,21147,16,,,1,30,,21182,16,,,1,75,,21175,16,,,1,70,,21164,16,,,1,26,,21162,16,,,1,80,,21151,16,,,1,35,,21158,16,,,1,65,,21170,16,,,1,30,,21167,16,,,1,65,,21152,16,,,1,30,,21174,16,,,1,70,,21146,16,,,1,30,,21161,16,,,1,24,,21169,16,,,1,76,,21148,16,,,1,70,,21179,16,,,1,30,,21180,16,,,1,70,,21172,16,,,1,30,,21165,16,,,1,72,,21150,16,,,1,30,,21163,16,,,1,70,,21153,16,,,1,30,,21154,16,,,1,70,,21155,16,,,1,29,,21176,16,,,1,70,,21157,16,,,1,30,,21159,16,,,1,70,,21181,16,,,1,30,,21143,16,,,1
