30200,'SatSun',716,,18098,50,4,,1,30,,18099,50,4,,1,70,,18100,50,4,,1,30,,18101,50,4,,1,70,,18102,50,4,,1,30,,18103,50,4,,1,70,,18104,50,4,,1,30,,18105,50,4,,1,70,,18106,50,4,,1,30,,18107,50,4,,1,70,,18108,50,4,,1,30,,18109,50,4,,1,70,,18110,50,4,,1,30,,18111,50,4,,1,70,,18112,50,4,,1,30,,18113,50,4,,1,70,,18114,50,4,,1,30,,18115,50,4,,1,70,,18116,50,4,,1,30,,18117,50,4,,1,70,,18118,50,4,,1,30,,18119,50,4,,1,70,,18120,50,4,,1,30,,18121,50,4,,1,70,,18122,50,4,,1,30,,18123,50,4,,1,70,,18124,50,4,,1,30,,18125,50,4,,1,70,,18126,50,4,,1,30,,18127,50,4,,1,70,,18128,50,4,,1,30,,18129,50,4,,1,80,,18130,50,4,,1,20,,18131,50,4,,1
30200,'Weekday',517,,18132,23,4,,1,30,,18133,23,4,,1,64,,18134,50,4,,1,30,,18135,50,4,,1,70,,18136,50,4,,1,17,,18170,47,4,,1,13,,18137,50,4,,1,17,,18171,47,4,,1,53,,18138,50,4,,1,17,,18172,47,4,,1,15,,18139,50,4,,1,68,,18140,50,4,,1,30,,18141,50,4,,1,70,,18142,50,4,,1,30,,18143,50,4,,1,70,,18144,50,4,,1,30,,18145,50,4,,1,70,,18146,50,4,,1,30,,18147,50,4,,1,70,,18148,50,4,,1,30,,18149,50,4,,1,70,,18150,50,4,,1,32,,18151,50,4,,1,70,,18152,50,4,,1,30,,18153,50,4,,1,70,,18154,50,4,,1,30,,18155,50,4,,1,60,,18173,47,4,,1,10,,18156,50,4,,1,20,,18174,47,4,,1,10,,18157,50,4,,1,59,,18175,47,4,,1,5,,18158,50,4,,1,16,,18176,47,4,,1,14,,18159,50,4,,1,20,,18177,47,4,,1,50,,18160,50,4,,1,20,,18178,47,4,,1,13,,18161,50,4,,1,70,,18162,50,4,,1,30,,18163,50,4,,1,70,,18164,50,4,,1,30,,18165,50,4,,1,70,,18166,50,4,,1,30,,18167,50,4,,1,70,,18168,50,4,,1,30,,18169,50,4,,1
30201,'SatSun',548,,18179,1,,,1,70,,18180,1,,,1,30,,18181,1,,,1,70,,18182,1,,,1,30,,18183,1,,,1,70,,18184,1,,,1,30,,18185,1,,,1,70,,18186,1,,,1,30,,18195,1,,,1,70,,18196,1,,,1,30,,18197,1,,,1,70,,18198,1,,,1,30,,18199,1,,,1,70,,18200,1,,,1,30,,18201,1,,,1,70,,18202,1,,,1,30,,18203,1,,,1,70,,18204,1,,,1,30,,18205,1,,,1,70,,18206,1,,,1,30,,18207,1,,,1,70,,18208,1,,,1,30,,18209,1,,,1,70,,18210,1,,,1,30,,18211,1,,,1,70,,18187,1,,,1,30,,18188,1,,,1,70,,18189,1,,,1,30,,18190,1,,,1,70,,18191,1,,,1,30,,18192,1,,,1,70,,18193,1,,,1,30,,18194,1,,,1
30201,'Weekday',413,,18212,1,,,1,32,,18213,1,,,1,75,,18214,1,,,1,30,,18215,1,,,1,55,,18248,1,0,5 18 9,1,15,,18216,1,,,1,15,,18249,1,0,5 18 9,1,15,,18217,1,,,1,55,,18250,1,0,5 18 9,1,15,,18218,1,,,1,15,,18251,1,0,5 18 9,1,15,,18219,1,,,1,55,,18252,1,0,5 18 9,1,15,,18220,1,,,1,15,,18253,1,0,5 18 9,1,15,,18221,1,,,1,67,,18222,1,,,1,30,,18223,1,,,1,70,,18224,1,,,1,30,,18225,1,,,1,70,,18226,1,,,1,30,,18227,1,,,1,70,,18228,1,,,1,29,,18229,1,,,1,70,,18230,1,,,1,30,,18231,1,,,1,70,,18232,1,,,1,34,,18233,1,,,1,55,,18254,1,0,5 18 9,1,15,,18234,1,,,1,15,,18255,1,0,5 18 9,1,15,,18235,1,,,1,55,,18256,1,0,5 18 9,1,15,,18236,1,,,1,15,,18257,1,0,5 18 9,1,15,,18237,1,,,1,55,,18258,1,0,5 18 9,1,15,,18238,1,,,1,15,,18259,1,0,5 18 9,1,15,,18239,1,,,1,55,,18260,1,0,5 18 9,1,11,,18240,1,,,1,30,,18241,1,,,1,70,,18242,1,,,1,34,,18243,1,,,1,66,,18244,1,,,1,30,,18245,1,,,1,70,,18246,1,,,1,30,,18247,1,,,1
40700,'Weekday',607,,18763,40,4,,1,30,,18731,40,4,,1,91,,18732,43,4,,1,76,,18733,40,4,,1,31,,18734,43,4,,1,72,,18735,40,4,,1,28,,18736,43,4,,1,75,,18737,40,4,,1,25,,18738,43,4,,1,75,,18739,40,4,,1,25,,18740,43,4,,1,75,,18741,40,4,,1,25,,18742,43,4,,1,75,,18743,40,4,,1,25,,18744,43,4,,1,75,,18745,40,4,,1,25,,18746,43,4,,1,75,,18747,40,4,,1,25,,18748,43,4,,1,75,,18749,40,4,,1,25,,18750,43,4,,1,78,,18751,40,4,,1,22,,18752,43,4,,1,75,,18753,40,4,,1,25,,18754,43,4,,1,75,,18755,40,4,,1,25,,18756,43,4,,1,75,,18757,40,4,,1,18,,18758,40,4,,1,78,,18759,40,4,,1,22,,18760,40,4,,1,25,,18761,40,4,,1,70,,18730,40,4,,1,30,,18762,40,4,,1
40701,'Weekday',811,,18802,1,,,1,30,,18803,1,0,7 26,1,70,,18804,1,,,1,30,,18805,1,0,7 26,1,70,,18806,1,,,1,30,,18807,1,0,7 26,1,70,,18808,1,,,1,30,,18809,1,0,7 26,1,70,,18810,1,,,1,30,,18811,1,0,7 26,1,70,,18812,1,,,1,30,,18813,1,0,7 26,1,70,,18814,1,,,1,30,,18815,1,0,7 26,1,70,,18816,1,,,1,33,,18817,1,0,7 26,1,67,,18818,1,,,1,30,,18819,1,0,7 26,1,70,,18820,1,,,1,30,,18821,1,0,7 26,1,70,,18822,1,,,1,30,,18823,1,0,7 26,1,70,,18824,1,,,1,30,,18825,1,0,7 26,1,70,,18826,1,,,1,30,,18827,1,,,1,70,,18828,1,,,1,30,,18829,1,,,1
90100,'Overnight',2320,,19892,36,,,1,30,,19891,36,,,1,661,,19890,36,4,,1
90100,'SatSun',629,,19893,36,4,,1,30,,19894,36,4,,1,70,,19895,36,4,,1,17,,19925,23,4,,1,13,,19896,36,4,,1,57,,19926,23,4,,1,13,,19897,36,4,,1,17,,19927,23,4,,1,13,,19898,36,4,,1,57,,19928,23,4,,1,13,,19899,36,4,,1,17,,19929,23,4,,1,13,,19900,36,4,,1,57,,19930,23,4,,1,13,,19901,36,4,,1,17,,19931,23,4,,1,13,,19902,36,4,,1,57,,19932,23,4,,1,13,,19903,36,4,,1,17,,19933,23,4,,1,13,,19904,36,4,,1,57,,19934,23,4,,1,13,,19905,36,4,,1,17,,19935,23,4,,1,13,,19906,36,4,,1,57,,19936,23,4,,1,13,,19907,36,4,,1,17,,19937,23,4,,1,13,,19908,36,4,,1,57,,19938,23,4,,1,13,,19909,36,4,,1,17,,19939,23,4,,1,13,,19910,36,4,,1,47,,19940,23,4,,1,23,,19911,36,4,,1,17,,19941,23,4,,1,13,,19912,36,4,,1,57,,19942,23,4,,1,13,,19913,36,4,,1,17,,19943,23,4,,1,13,,19914,36,4,,1,57,,19944,23,4,,1,13,,19915,36,4,,1,17,,19945,23,4,,1,10,,19916,36,4,,1,60,,19946,23,4,,1,13,,19917,36,4,,1,17,,19947,23,4,,1,13,,19918,36,4,,1,57,,19948,23,4,,1,13,,19919,36,4,,1,17,,19949,23,4,,1,13,,19920,36,4,,1,57,,19950,23,4,,1,13,,19921,36,4,,1,17,,19951,23,4,,1,13,,19922,36,4,,1,57,,19952,23,4,,1,13,,19923,36,4,,1,17,,19953,23,4,,1,58,45,19924,36,,,1,25,,19955,36,4,,1,18,,19957,36,,,1
90100,'Weekday',647,,19959,36,4,,1,59,,19991,23,4,,1,11,,19960,36,4,,1,13,,19992,23,4,,1,10,,19993,23,4,,1,7,,19961,36,4,,1,53,,19994,23,4,,1,10,,19995,23,4,,1,5,,19962,36,4,,1,11,,19996,23,4,,1,10,,19997,23,4,,1,9,,19963,36,4,,1,11,,19998,23,4,,1,50,,19999,23,4,,1,9,,19964,36,4,,1,11,,20000,23,4,,1,10,,20001,23,4,,1,9,,19965,36,4,,1,11,,20002,23,4,,1,50,,20003,23,4,,1,10,,19966,36,4,,1,11,,20004,23,4,,1,10,,20005,23,4,,1,13,,19967,36,4,,1,9,,20006,23,4,,1,50,,20007,23,4,,1,15,,19968,36,4,,1,9,,20008,23,4,,1,10,,20009,23,4,,1,11,,19969,36,4,,1,49,,20010,23,4,,1,10,,20011,23,4,,1,11,,19970,36,4,,1,9,,20012,23,4,,1,10,,20013,23,4,,1,11,,19971,36,4,,1,49,,20014,23,4,,1,10,,20015,23,4,,1,11,,19972,36,4,,1,9,,20016,23,4,,1,10,,20017,23,4,,1,11,,19973,36,4,,1,49,,20018,23,4,,1,10,,20019,23,4,,1,11,,19974,36,4,,1,9,,20020,23,4,,1,10,,20021,23,4,,1,11,,19975,36,4,,1,60,,20022,23,4,,1,10,,19976,36,4,,1,10,,20023,23,4,,1,10,,20024,23,4,,1,12,,19977,36,4,,1,50,,20025,23,4,,1,10,,20026,23,4,,1,10,,19978,36,4,,1,10,,20027,23,4,,1,10,,20028,23,4,,1,10,,19979,36,4,,1,50,,20029,23,4,,1,10,,20030,23,4,,1,7,,19980,36,4,,1,10,,20031,23,4,,1,10,,20032,23,4,,1,10,,19981,36,4,,1,50,,20033,23,4,,1,10,,20034,23,4,,1,10,,19982,36,4,,1,10,,20035,23,4,,1,10,,20036,23,4,,1,8,,19983,36,4,,1,50,,20037,23,4,,1,10,,20038,23,4,,1,10,,19984,36,4,,1,10,,20039,23,4,,1,10,,20040,23,4,,1,8,,19985,36,4,,1,10,,20041,23,4,,1,50,,20042,23,4,,1,7,,19986,36,4,,1,16,,20043,23,4,,1,14,,19987,36,4,,1,56,,20044,23,4,,1,14,,19988,36,4,,1,16,,20045,23,4,,1,14,,19989,36,4,,1,56,,20046,23,4,,1,12,,19990,36,4,,1,18,,20047,23,4,,1,13,,20054,36,,,1
90101,'SatSun',616,,20059,1,0,7 24 25,1,30,,20060,1,0,7 24 25,1,55,,20092,1,0,5 22 23 13,1,15,,20061,1,0,7 24 25,1,15,,20093,1,0,5 22 23 13,1,15,,20062,1,0,7 24 25,1,55,,20094,1,0,5 22 23 13,1,15,,20063,1,0,7 24 25,1,15,,20095,1,0,5 22 23 13,1,15,,20064,1,0,7 24 25,1,55,,20096,1,0,5 22 23 13,1,15,,20065,1,0,7 24 25,1,15,,20097,1,0,5 22 23 13,1,15,,20066,1,0,7 24 25,1,55,,20098,1,0,5 22 23 13,1,15,,20067,1,0,7 24 25,1,15,,20099,1,0,5 22 23 13,1,15,,20068,1,0,7 24 25,1,55,,20100,1,0,5 22 23 13,1,15,,20069,1,0,7 24 25,1,15,,20101,1,0,5 22 23 13,1,15,,20070,1,0,7 24 25,1,55,,20102,1,0,5 22 23 13,1,15,,20071,1,0,7 24 25,1,15,,20103,1,0,5 22 23 13,1,15,,20072,1,0,7 24 25,1,55,,20104,1,0,5 22 23 13,1,15,,20073,1,0,7 24 25,1,15,,20105,1,0,5 22 23 13,1,15,,20074,1,0,7 24 25,1,55,,20106,1,0,5 22 23 13,1,15,,20075,1,0,7 24 25,1,5,,20107,1,0,5 22 23 13,1,25,,20076,1,0,7 24 25,1,55,,20108,1,0,5 22 23 13,1,15,,20077,1,0,7 24 25,1,15,,20109,1,0,5 22 23 13,1,15,,20078,1,0,7 24 25,1,55,,20110,1,0,5 22 23 13,1,15,,20079,1,0,7 24 25,1,15,,20111,1,0,5 22 23 13,1,15,,20080,1,0,7 24 25,1,55,,20112,1,0,5 22 23 13,1,15,,20081,1,0,7 24 25,1,15,,20113,1,0,5 22 23 13,1,15,,20082,1,0,7 24 25,1,55,,20114,1,0,5 22 23 13,1,15,,20083,1,0,7 24 25,1,15,,20115,1,0,5 22 23 13,1,15,,20084,1,0,7 24 25,1,55,,20116,1,0,5 22 23 13,1,15,,20085,1,0,7 24 25,1,15,,20117,1,0,5 22 23 13,1,15,,20086,1,0,7 24 25,1,55,,20118,1,0,5 22 23 13,1,15,,20087,1,0,7 24 25,1,15,,20119,1,0,5 22 23 13,1,15,,20088,1,0,7 24 25,1,55,,20120,1,0,5 22 23 13,1,15,,20089,1,0,7 24 25,1,15,,20121,1,0,5 22 23 13,1,15,,20090,1,0,7 24 25,1,70,,20091,6,0,7 24 25,1,42,2,20124,6,0,7 24 25,1
90101,'Weekday',600,,20125,1,0,7 24 25,1,15,,20159,1,0,5 22 23 13,1,15,,20126,1,0,7 24 25,1,15,,20160,1,0,5 22 23 13,1,55,,20127,1,0,7 24 25,1,10,,20161,1,0,5 22 23 13,1,10,,20162,1,0,5 22 23 13,1,10,,20128,1,0,7 24 25,1,10,,20163,1,0,5 22 23 13,1,10,,20164,1,0,5 22 23 13,1,50,,20129,1,0,7 24 25,1,10,,20165,1,0,5 22 23 13,1,10,,20166,1,0,5 22 23 13,1,10,,20130,1,0,7 24 25,1,10,,20167,1,0,5 22 23 13,1,10,,20168,1,0,5 22 23 13,1,50,,20131,1,0,7 24 25,1,10,,20169,1,0,5 22 23 13,1,10,,20170,1,0,5 22 23 13,1,10,,20132,1,0,7 24 25,1,10,,20171,1,0,5 22 23 13,1,10,,20172,1,0,5 22 23 13,1,50,,20133,1,0,7 24 25,1,10,,20173,1,0,5 22 23 13,1,10,,20174,1,0,5 22 23 13,1,10,,20134,1,0,7 24 25,1,10,,20175,1,0,5 22 23 13,1,10,,20176,1,0,5 22 23 13,1,50,,20135,1,0,7 24 25,1,10,,20177,1,0,5 22 23 13,1,10,,20178,1,0,5 22 23 13,1,10,,20136,1,0,7 24 25,1,10,,20179,1,0,5 22 23 13,1,10,,20180,1,0,5 22 23 13,1,50,,20137,1,0,7 24 25,1,10,,20181,1,0,5 22 23 13,1,10,,20182,1,0,5 22 23 13,1,10,,20138,1,0,7 24 25,1,10,,20183,1,0,5 22 23 13,1,10,,20184,1,0,5 22 23 13,1,50,,20139,1,0,7 24 25,1,10,,20185,1,0,5 22 23 13,1,10,,20186,1,0,5 22 23 13,1,10,,20140,1,0,7 24 25,1,10,,20187,1,0,5 22 23 13,1,10,,20188,1,0,5 22 23 13,1,50,,20141,1,0,7 24 25,1,10,,20189,1,0,5 22 23 13,1,10,,20190,1,0,5 22 23 13,1,10,,20142,1,0,7 24 25,1,10,,20191,1,0,5 22 23 13,1,10,,20192,1,0,5 22 23 13,1,50,,20143,1,0,7 24 25,1,10,,20193,1,0,5 22 23 13,1,10,,20194,1,0,5 22 23 13,1,10,,20144,1,0,7 24 25,1,10,,20195,1,0,5 22 23 13,1,10,,20196,1,0,5 22 23 13,1,50,,20145,1,0,7 24 25,1,10,,20197,1,0,5 22 23 13,1,10,,20198,1,0,5 22 23 13,1,10,,20146,1,0,7 24 25,1,10,,20199,1,0,5 22 23 13,1,10,,20200,1,0,5 22 23 13,1,50,,20147,1,0,7 24 25,1,10,,20201,1,0,5 22 23 13,1,10,,20202,1,0,5 22 23 13,1,10,,20148,1,0,7 24 25,1,10,,20203,1,0,5 22 23 13,1,10,,20204,1,0,5 22 23 13,1,50,,20149,1,0,7 24 25,1,10,,20205,1,0,5 22 23 13,1,10,,20206,1,0,5 22 23 13,1,10,,20150,1,0,7 24 25,1,10,,20207,1,0,5 22 23 13,1,10,,20208,1,0,5 22 23 13,1,50,,20151,1,0,7 24 25,1,15,,20209,1,0,5 22 23 13,1,15,,20152,1,0,7 24 25,1,15,,20210,1,0,5 22 23 13,1,55,,20153,1,0,7 24 25,1,15,,20211,1,0,5 22 23 13,1,15,,20154,1,0,7 24 25,1,15,,20212,1,0,5 22 23 13,1,55,,20155,1,0,7 24 25,1,15,,20213,1,0,5 22 23 13,1,15,,20156,1,0,7 24 25,1,15,,20214,1,0,5 22 23 13,1,55,,20157,1,0,7 24 25,1,15,,20215,1,0,5 22 23 13,1,15,,20158,1,0,7 24 25,1,28,2,20220,6,0,7 24 25,1
92000,'Weekday',736,,21195,50,4,,1,23,,21196,50,4,,1,60,,21197,50,4,,1,20,,21225,50,4,,1,20,,21198,50,4,,1,55,,21199,50,4,,1,25,,21226,50,4,,1,62,,21200,50,4,,1,35,,21203,67,4,,1,20,,21204,67,4,,1,60,,21205,67,4,,1,20,,21206,67,4,,1,20,,21207,67,4,,1,60,,21208,67,4,,1,15,,21209,67,4,,1,20,,21210,67,4,,1,60,,21211,67,4,,1,20,,21212,67,4,,1,20,,21213,67,4,,1,60,,21214,67,4,,1,34,,21215,67,4,,1,60,,21216,67,4,,1,20,,21217,67,4,,1,20,,21218,67,4,,1,60,,21219,67,4,,1,16,,21220,67,4,,1,20,,21221,67,4,,1,60,,21222,67,4,,1,20,,21223,67,4,,1,18,,21227,50,4,,1,74,,21201,50,4,,1,26,,21228,50,4,,1,70,,21202,50,4,,1,30,,21229,50,4,,1,67,,21230,50,4,,1,14,,21224,67,4,,1,20,,21184,67,4,,1,60,,21185,67,4,,1,20,,21186,67,4,,1,30,,21187,67,4,,1,70,,21188,67,4,,1,30,,21189,67,4,,1,70,,21190,67,4,,1,30,,21191,67,4,,1,70,,21192,67,4,,1,30,,21193,67,4,,1,70,,21194,67,4,,1
92001,'Weekday',509,,21247,1,0,10 11 12 13,1,28,,21248,1,0,10 11 12 13,1,74,,21237,1,0,10 11 12 13,1,30,,21272,1,0,10 11 12 13,1,63,,21238,1,0,10 11 12 13,1,35,,21239,1,0,10 11 12 13,1,70,,21240,1,0,10 11 12 13,1,30,,21241,1,0,10 11 12 13,1,64,,21249,1,,,1,20,,21250,1,,,1,20,,21251,1,,,1,60,,21252,1,,,1,20,,21253,1,,,1,20,,21254,1,,,1,60,,21255,1,,,1,20,,21256,1,,,1,20,,21257,1,,,1,60,,21258,1,,,1,20,,21259,1,,,1,20,,21260,1,,,1,60,,21261,1,,,1,20,,21262,1,,,1,20,,21263,1,,,1,60,,21264,1,,,1,20,,21266,1,,,1,20,,21265,1,,,1,60,,21270,1,,,1,20,,21268,1,,,1,20,,21267,1,,,1,60,,21269,1,,,1,20,,21242,1,0,10 11 12 13,1,20,,21273,1,0,10 11 12 13,1,60,,21243,1,0,10 11 12 13,1,20,,21244,1,0,10 11 12 13,1,20,,21274,1,0,10 11 12 13,1,60,,21245,1,0,10 11 12 13,1,30,,21275,1,0,10 11 12 13,1,75,,21246,1,,,1,24,,21271,1,,,1,70,,21231,1,,,1,30,,21232,1,,,1,70,,21233,1,,,1,30,,21234,1,,,1,70,,21235,1,,,1,30,,21236,1,,,1
92100,'Weekday',732,,21293,31,4,,1,10,,21281,31,4,,1,60,,21286,31,4,,1,20,,21277,31,4,,1,20,,21290,31,4,,1,60,,21284,31,4,,1,20,,21288,31,4,,1,20,,21282,31,4,,1,12,,21283,31,4,,1,60,,21294,31,4,,1,724,,21279,31,4,,1,15,,21289,31,4,,1,60,,21276,31,4,,1,20,,21287,31,4,,1,22,,21285,31,4,,1,60,,21278,31,4,,1,20,,21280,31,4,,1,20,,21291,31,4,,1,46,,21292,31,4,,1
92101,'Weekday',514,,21301,1,,,1,20,,21296,1,,,1,20,,21304,1,,,1,60,,21300,1,,,1,20,,21312,1,,,1,20,,21297,1,,,1,60,,21311,1,,,1,20,,21299,1,,,1,20,,21303,1,,,1,60,,21314,1,,,1,20,,21313,1,,,1,20,,21306,1,,,1,770,,21298,1,,,1,20,,21310,1,,,1,60,,21309,1,,,1,20,,21307,1,,,1,20,,21302,1,,,1,60,,21308,1,,,1,20,,21305,1,,,1,25,,21295,1,,,1
1400000200,'Overnight',2426,,21340,30,,,1,30,,21337,30,,,1,68,,21345,30,,,1,30,,21336,30,,,1,70,,21338,30,,,1,33,,21341,30,,,1,70,,21339,30,,,1,30,,21343,30,,,1,70,,21342,30,,,1,27,,21344,30,,,1,70,,21346,30,,,1
1400000201,'Overnight',2340,6,21347,5,,,1,70,6,21353,5,,,1,28,3,21352,5,,,1,70,3,21348,5,,,1,30,5,21349,5,,,1,65,,21350,5,4,,1,8,,21354,1,,,1,22,,21351,5,4,,1,8,,21355,1,,,1,70,5,21356,5,,,1,30,5,21357,5,,,1,67,2,21358,5,,,1,30,2,21359,5,,,1,65,,21360,5,,,1,30,,21361,5,,,1
