11801,'SatSun',806,,17450,15,,,1,30,,17451,15,,,1,70,,17452,15,,,1,30,,17453,15,,,1,70,,17454,15,,,1,30,,17455,15,,,1,70,,17456,15,,,1,30,,17457,15,,,1,70,,17458,15,,,1,30,,17459,15,,,1,70,,17460,15,,,1,30,,17461,15,,,1,70,,17462,15,,,1,19,,17463,15,,,1,30,,17464,15,,,1,70,,17465,15,,,1,30,,17466,15,,,1,70,,17467,15,,,1,30,,17468,15,,,1,70,,17469,15,,,1,30,,17470,15,,,1,70,,17471,15,,,1,30,,17472,15,,,1,70,,17473,15,,,1,30,,17474,15,,,1
11801,'Weekday',618,,17475,15,,,1,25,,17476,15,,,1,70,,17477,15,,,1,25,,17478,15,,,1,70,,17479,15,,,1,36,,17480,15,,,1,70,,17481,15,,,1,30,,17482,15,,,1,84,,17483,15,,,1,16,,17484,15,,,1,70,,17485,15,,,1,30,,17486,15,,,1,61,,17487,15,,,1,30,,17488,15,,,1,70,,17489,15,,,1,30,,17490,15,,,1,70,,17491,15,,,1,22,,17492,15,,,1,30,,17493,15,,,1,70,,17494,15,,,1,30,,17495,15,,,1,69,,17496,15,,,1,30,,17497,15,,,1,70,,17498,15,,,1,30,,17499,15,,,1,70,,17500,15,,,1,30,,17501,15,,,1,70,,17502,15,,,1,26,,17503,15,,,1
21100,'Weekday',619,,17654,4,,,1,30,,17655,4,,,1,70,,17656,4,,,1,30,,17657,4,,,1,70,,17658,4,,,1,30,,17659,4,,,1,567,,17665,4,,,1,229,,17660,4,,,1,70,,17661,4,,,1,30,,17662,4,,,1,70,,17663,4,,,1,30,,17664,4,,,1
90000,'Overnight',2304,,19590,14,,,1
90000,'SatSun',531,,19591,14,,,1,70,,19592,14,,,1,30,,19593,14,,,1,70,,19594,14,,,1,15,,19626,3,,,1,15,,19595,14,,,1,18,,19627,3,,,1,5,,19596,14,,,1,57,,19628,3,,,1,13,,19597,14,,,1,5,,19629,3,,,1,27,,19598,14,,,1,3,,19630,3,,,1,56,,19599,14,,,1,14,,19631,3,,,1,16,,19600,14,,,1,14,,19632,3,,,1,61,,19633,3,,,1,6,,19601,14,,,1,22,,19634,3,,,1,56,,19602,14,,,1,14,,19635,3,,,1,16,,19603,14,,,1,14,,19636,3,,,1,56,,19604,14,,,1,19,,19637,3,,,1,11,,19605,14,,,1,66,,19606,14,,,1,7,,19638,3,,,1,16,,19639,3,,,1,16,,19607,14,,,1,14,,19640,3,,,1,51,,19608,14,,,1,14,,19641,3,,,1,16,,19609,14,,,1,14,,19642,3,,,1,56,,19610,14,,,1,14,,19643,3,,,1,16,,19611,14,,,1,14,,19644,3,,,1,56,,19612,14,,,1,19,,19645,3,,,1,11,,19613,14,,,1,14,,19646,3,,,1,56,,19614,14,,,1,14,,19647,3,,,1,15,,19648,3,,,1,6,,19615,14,,,1,16,,19649,3,,,1,56,,19616,14,,,1,14,,19650,3,,,1,16,,19617,14,,,1,18,,19618,14,,,1,55,,19651,3,,,1,15,,19619,14,,,1,15,,19652,3,,,1,15,,19620,14,,,1,55,,19621,14,,,1,17,,19653,3,,,1,15,,19622,14,,,1,55,,19654,3,,,1,17,,19623,14,,,1,13,,19655,3,,,1,21,,19624,14,,,1,79,,19625,14,,,1
90000,'Weekday',531,,19667,14,,,1,20,,19702,3,,,1,6,,19673,14,,,1,51,,19737,3,,,1,11,,19656,14,,,1,13,,19703,3,,,1,13,,19674,14,,,1,11,,19704,3,,,1,53,,19675,14,,,1,18,,19705,3,,,1,6,,19676,14,,,1,11,,19706,3,,,1,13,,19677,14,,,1,51,,19707,3,,,1,8,,19657,14,,,1,16,,19708,3,,,1,13,,19678,14,,,1,11,,19709,3,,,1,53,,19679,14,,,1,11,,19710,3,,,1,15,,19680,14,,,1,17,,19711,3,,,1,7,,19658,14,,,1,52,,19712,3,,,1,12,,19681,14,,,1,12,,19713,3,,,1,12,,19682,14,,,1,12,,19714,3,,,1,52,,19683,14,,,1,12,,19715,3,,,1,12,,19659,14,,,1,12,,19716,3,,,1,12,,19684,14,,,1,56,,19717,3,,,1,8,,19685,14,,,1,16,,19718,3,,,1,8,,19686,14,,,1,12,,19719,3,,,1,52,,19687,14,,,1,12,,19720,3,,,1,12,,19688,14,,,1,13,,19721,3,,,1,11,,19660,14,,,1,53,,19722,3,,,1,11,,19689,14,,,1,13,,19723,3,,,1,11,,19690,14,,,1,53,,19724,3,,,1,11,,19691,14,,,1,13,,19725,3,,,1,11,,19692,14,,,1,13,,19726,3,,,1,11,,19661,14,,,1,53,,19727,3,,,1,11,,19693,14,,,1,13,,19728,3,,,1,11,,19694,14,,,1,53,,19729,3,,,1,11,,19695,14,,,1,13,,19730,3,,,1,11,,19662,14,,,1,13,,19731,3,,,1,11,,19696,14,,,1,53,,19664,3,,,1,11,,19697,14,,,1,13,,19732,3,,,1,11,,19698,14,,,1,53,,19733,3,,,1,11,,19699,14,,,1,13,,19734,3,,,1,11,,19700,14,,,1,13,,19665,3,,,1,9,,19701,14,,,1,55,,19735,3,,,1,11,,19663,14,,,1,13,,19736,3,,,1,6,,19668,14,,,1,64,,19669,14,,,1,24,,19670,14,,,1,24,,19671,14,,,1,64,,19672,14,,,1,26,,19666,14,,,1
91600,'SatSun',519,,20832,3,,,1,30,,20833,3,,,1,77,,20834,3,,,1,30,,20835,3,,,1,73,,20836,3,,,1,30,,20837,3,,,1,70,,20838,3,,,1,25,,20839,3,,,1,65,,20840,3,,,1,30,,20841,3,,,1,70,,20842,3,,,1,39,,20843,3,,,1,70,,20844,3,,,1,30,,20845,3,,,1,65,,20846,3,,,1,35,,20847,3,,,1,70,,20848,3,,,1,30,,20849,3,,,1,70,,20850,3,,,1,30,,20851,3,,,1,70,,20852,3,,,1,73,,20853,3,,,1,30,,20854,3,,,1,70,,20855,3,,,1,30,,20856,3,,,1,70,,20857,3,,,1,30,,20858,3,,,1,69,,20859,3,,,1,26,,20860,3,,,1,30,,20861,3,,,1,70,,20862,3,,,1,30,,20863,3,,,1,80,,20864,3,,,1,70,,20865,3,,,1,30,,20866,3,,,1,70,,20867,3,,,1,30,,20868,3,,,1,70,,20869,3,,,1
91600,'Weekday',413,,20873,3,,,1,30,,20874,3,,,1,70,,20875,3,,,1,30,,20876,3,,,1,71,,20877,3,,,1,20,,20878,3,,,1,20,,20879,3,,,1,60,,20880,3,,,1,20,,20881,3,,,1,20,,20882,3,,,1,60,,20883,3,,,1,20,,20884,3,,,1,20,,20885,3,,,1,60,,20886,3,,,1,20,,20887,3,,,1,20,,20888,3,,,1,60,,20889,3,,,1,20,,20890,3,,,1,20,,20891,3,,,1,60,,20892,3,,,1,20,,20893,3,,,1,20,,20894,3,,,1,60,,20895,3,,,1,20,,20896,3,,,1,20,,20897,3,,,1,60,,20898,3,,,1,20,,20899,3,,,1,20,,20900,3,,,1,60,,20901,3,,,1,20,,20902,3,,,1,20,,20903,3,,,1,62,,20904,3,,,1,18,,20905,3,,,1,20,,20906,3,,,1,60,,20907,3,,,1,20,,20908,3,,,1,25,,20909,3,,,1,60,,20910,3,,,1,20,,20911,3,,,1,20,,20912,3,,,1,60,,20913,3,,,1,20,,20914,3,,,1,20,,20915,3,,,1,65,,20916,3,,,1,25,,20917,3,,,1,70,,20918,3,,,1,30,,20919,3,,,1,70,,20920,3,,,1,30,,20921,3,,,1,70,,20870,3,,,1,30,,20871,3,,,1,70,,20872,3,,,1,30,,20923,3,,,1,70,,20924,3,,,1
91701,'SatSun',513,,21102,15,,,1,30,,21103,15,,,1,72,,21105,53,,,1,29,,21104,15,,,1,69,,21106,53,,,1,30,,21107,53,,,1,71,,21108,53,,,1,30,,21109,53,,,1,70,,21110,53,,,1,30,,21111,53,,,1,70,,21112,53,,,1,30,,21113,53,,,1,70,,21114,53,,,1,30,,21115,53,,,1,70,,21116,53,,,1,30,,21117,53,,,1,70,,21118,53,,,1,30,,21119,53,,,1,70,,21120,53,,,1,30,,21121,53,,,1,70,,21122,53,,,1,30,,21123,53,,,1,70,,21124,53,,,1,30,,21125,53,,,1,70,,21126,53,,,1,30,,21127,53,,,1,70,,21128,53,,,1,30,,21129,53,,,1,70,,21130,53,,,1,30,,21131,53,,,1,75,,21132,53,,,1,30,,21133,53,,,1,70,,21134,53,,,1,25,,21135,53,,,1,70,,21136,53,,,1,28,,21137,53,,,1,70,,21138,53,,,1,30,,21139,53,,,1,69,,21140,53,,,1,31,,21141,53,,,1,70,,21142,53,,,1
91701,'Weekday',445,,21173,38,,,1,70,,21166,38,,,1,30,,21156,53,,,1,76,,21178,53,,,1,30,,21168,53,,,1,70,,21183,53,,,1,34,,21149,53,,,1,70,,21160,53,,,1,30,,21145,53,,,1,79,,21177,53,,,1,70,,21171,53,,,1,30,,21144,53,,,1,70,,21147,53,,,1,32,,21182,53,,,1,75,,21175,53,,,1,30,,21164,53,,,1,66,,21162,53,,,1,40,,21151,53,,,1,75,,21158,53,,,1,25,,21170,53,,,1,70,,21167,53,,,1,30,,21152,53,,,1,70,,21174,53,,,1,30,,21146,53,,,1,70,,21161,53,,,1,25,,21169,53,,,1,76,,21148,53,,,1,30,,21179,53,,,1,70,,21180,53,,,1,30,,21172,53,,,1,70,,21165,53,,,1,30,,21150,53,,,1,70,,21163,53,,,1,30,,21153,53,,,1,70,,21154,53,,,1,30,,21155,53,,,1,61,,21176,53,,,1,30,,21157,53,,,1,70,,21159,53,,,1,30,,21181,53,,,1,70,,21143,53,,,1
92000,'Weekday',641,,21195,3,,,1,63,,21196,3,,,1,20,,21197,3,,,1,20,,21225,3,,,1,60,,21198,3,,,1,20,,21199,3,,,1,20,,21226,3,,,1,67,,21200,3,,,1,39,,21203,20,,,1,60,,21204,20,,,1,20,,21205,20,,,1,20,,21206,20,,,1,60,,21207,20,,,1,20,,21208,20,,,1,15,,21209,20,,,1,60,,21210,20,,,1,20,,21211,20,,,1,20,,21212,20,,,1,60,,21213,20,,,1,20,,21214,20,,,1,24,,21215,20,,,1,60,,21216,20,,,1,20,,21217,20,,,1,20,,21218,20,,,1,60,,21219,20,,,1,21,,21220,20,,,1,20,,21221,20,,,1,60,,21222,20,,,1,20,,21223,20,,,1,17,,21227,3,,,1,74,,21201,3,,,1,26,,21228,3,,,1,70,,21202,3,,,1,30,,21229,3,,,1,67,,21230,3,,,1,20,,21224,20,,,1,20,,21184,20,,,1,60,,21185,20,,,1,20,,21186,20,,,1,70,,21187,20,,,1,30,,21188,20,,,1,70,,21189,20,,,1,30,,21190,20,,,1,70,,21191,20,,,1,30,,21192,20,,,1,70,,21193,20,,,1,30,,21194,20,,,1
92100,'Weekday',648,,21293,20,,,1,10,,21281,20,,,1,60,,21286,20,,,1,20,,21277,20,,,1,20,,21290,20,,,1,60,,21284,20,,,1,20,,21288,20,,,1,20,,21282,20,,,1,54,,21283,20,,,1,20,,21294,20,,,1,720,,21279,20,,,1,55,,21289,20,,,1,20,,21276,20,,,1,20,,21287,20,,,1,62,,21285,20,,,1,20,,21278,20,,,1,20,,21280,20,,,1,60,,21291,20,,,1,16,,21292,20,,,1
1400000100,'Overnight',2334,,21322,16,,,1,70,,21315,16,,,1,45,,21321,16,,,1,75,,21319,16,,,1,30,,21323,16,,,1,80,,21317,16,,,1,70,,21316,16,,,1,25,,21318,16,,,1,75,,21324,16,,,1,30,,21320,16,,,1,25,,21325,16,,,1
