30201,'SatSun',550,,18179,3,,,1,70,,18180,3,,,1,30,,18181,3,,,1,70,,18182,3,,,1,30,,18183,3,,,1,70,,18184,3,,,1,30,,18185,3,,,1,70,,18186,3,,,1,30,,18195,3,,,1,70,,18196,3,,,1,30,,18197,3,,,1,70,,18198,3,,,1,30,,18199,3,,,1,70,,18200,3,,,1,30,,18201,3,,,1,70,,18202,3,,,1,30,,18203,3,,,1,70,,18204,3,,,1,30,,18205,3,,,1,70,,18206,3,,,1,30,,18207,3,,,1,70,,18208,3,,,1,30,,18209,3,,,1,70,,18210,3,,,1,30,,18211,3,,,1,70,,18187,3,,,1,30,,18188,3,,,1,70,,18189,3,,,1,30,,18190,3,,,1,70,,18191,3,,,1,30,,18192,3,,,1,70,,18193,3,,,1,30,,18194,3,,,1
30201,'Weekday',415,,18212,3,,,1,32,,18213,3,,,1,75,,18214,3,,,1,30,,18215,3,,,1,70,,18216,3,,,1,30,,18217,3,,,1,70,,18218,3,,,1,30,,18219,3,,,1,70,,18220,3,,,1,30,,18221,3,,,1,67,,18222,3,,,1,30,,18223,3,,,1,70,,18224,3,,,1,30,,18225,3,,,1,70,,18226,3,,,1,30,,18227,3,,,1,70,,18228,3,,,1,29,,18229,3,,,1,70,,18230,3,,,1,30,,18231,3,,,1,70,,18232,3,,,1,34,,18233,3,,,1,70,,18234,3,,,1,30,,18235,3,,,1,70,,18236,3,,,1,30,,18237,3,,,1,70,,18238,3,,,1,30,,18239,3,,,1,66,,18240,3,,,1,30,,18241,3,,,1,70,,18242,3,,,1,34,,18243,3,,,1,66,,18244,3,,,1,30,,18245,3,,,1,70,,18246,3,,,1,30,,18247,3,,,1
40701,'Weekday',812,,18802,3,,,1,30,,18803,3,0,7 26,1,70,,18804,3,,,1,30,,18805,3,0,7 26,1,70,,18806,3,,,1,30,,18807,3,0,7 26,1,70,,18808,3,,,1,30,,18809,3,0,7 26,1,70,,18810,3,,,1,30,,18811,3,0,7 26,1,70,,18812,3,,,1,30,,18813,3,0,7 26,1,70,,18814,3,,,1,30,,18815,3,0,7 26,1,70,,18816,3,,,1,33,,18817,3,0,7 26,1,67,,18818,3,,,1,30,,18819,3,0,7 26,1,70,,18820,3,,,1,30,,18821,3,0,7 26,1,70,,18822,3,,,1,30,,18823,3,0,7 26,1,70,,18824,3,,,1,30,,18825,3,0,7 26,1,70,,18826,3,,,1,30,,18827,3,,,1,70,,18828,3,,,1,30,,18829,3,,,1
61800,'Weekday',1109,,19577,3,,,1,130,,19578,3,,,1,484,,19579,19,,,1,130,,19580,19,,,1
90100,'Overnight',2321,,19892,38,,,1,30,,19891,38,,,1
90100,'SatSun',2205,,19924,38,,,1,43,,19957,38,,,1
90100,'Weekday',2246,,20054,38,,,1
90500,'SatSun',639,,20442,40,0,5 19,1,70,,20454,40,0,7 20 21,1,30,,20455,40,0,7 20 21,1,70,,20443,40,0,5 19,1,30,,20456,40,0,7 20 21,1,70,,20457,40,0,7 20 21,1,31,,20444,40,0,5 19,1,70,,20458,40,0,7 20 21,1,30,,20459,40,0,7 20 21,1,70,,20445,40,0,5 19,1,30,,20460,40,0,7 20 21,1,70,,20461,40,0,7 20 21,1,30,,20446,40,0,5 19,1,70,,20462,40,0,7 20 21,1,30,,20463,40,0,7 20 21,1,70,,20447,40,0,5 19,1,30,,20464,40,0,7 20 21,1,70,,20465,40,0,7 20 21,1,30,,20448,40,0,5 19,1,70,,20466,40,0,7 20 21,1,30,,20467,40,0,7 20 21,1,69,,20449,40,0,5 19,1,30,,20468,40,0,7 20 21,1,70,,20469,40,0,7 20 21,1,30,,20450,40,0,5 19,1,70,,20470,40,0,7 20 21,1,30,,20471,40,0,7 20 21,1,70,,20451,40,0,5 19,1,30,,20472,40,0,7 20 21,1,70,,20473,40,0,7 20 21,1,30,,20452,40,0,5 19,1,70,,20474,40,0,7 20 21,1,30,,20475,40,0,7 20 21,1,70,,20453,40,0,5 19,1,42,,20476,40,0,7 20 21,1,58,,20477,40,0,7 20 21,1,30,,20478,40,0,7 20 21,1
90500,'Weekday',621,,20502,40,0,5 19,1,30,,20479,40,0,7 20 21,1,70,,20480,40,0,7 20 21,1,30,,20503,40,0,5 19,1,70,,20481,40,0,7 20 21,1,30,,20482,40,0,7 20 21,1,70,,20504,40,0,5 19,1,30,,20483,40,0,7 20 21,1,70,,20484,40,0,7 20 21,1,30,,20505,40,0,5 19,1,70,,20485,40,0,7 20 21,1,30,,20486,40,0,7 20 21,1,70,,20506,40,0,5 19,1,28,,20487,40,0,7 20 21,1,70,,20488,40,0,7 20 21,1,39,,20507,40,0,5 19,1,69,,20489,40,0,7 20 21,1,30,,20490,40,0,7 20 21,1,74,,20508,40,0,5 19,1,70,,20491,40,0,7 20 21,1,30,,20492,40,0,7 20 21,1,70,,20509,40,0,5 19,1,30,,20493,40,0,7 20 21,1,70,,20494,40,0,7 20 21,1,30,,20510,40,0,5 19,1,70,,20495,40,0,7 20 21,1,30,,20496,40,0,7 20 21,1,70,,20511,40,0,5 19,1,30,,20497,40,0,7 20 21,1,70,,20498,40,0,7 20 21,1,26,,20512,40,0,5 19,1,74,,20499,40,0,7 20 21,1,30,,20500,40,0,7 20 21,1,26,,20513,40,0,5 19,1,74,,20501,40,0,7 20 21,1,70,,20538,40,0,7 20 21,1,100,,20540,40,0,7 20 21,1
1400000200,'Overnight',2427,,21340,32,,,1,30,,21337,32,,,1,68,,21345,32,,,1,30,,21336,32,,,1,70,,21338,32,,,1,33,,21341,32,,,1,70,,21339,32,,,1,30,,21343,32,,,1,70,,21342,32,,,1,27,,21344,32,,,1,70,,21346,32,,,1
