40301,'SatSun',602,,18489,3,,,1,30,,18490,3,,,1,70,,18491,3,,,1,30,,18492,3,,,1,70,,18493,3,,,1,30,,18494,3,,,1,70,,18495,3,,,1,30,,18496,3,,,1,70,,18497,3,,,1,30,,18498,3,,,1,70,,18499,3,,,1,30,,18500,3,,,1,70,,18501,3,,,1,30,,18502,3,,,1,70,,18503,3,,,1,30,,18504,3,,,1,70,,18505,3,,,1,30,,18506,3,,,1,70,,18507,3,,,1,30,,18508,3,,,1,70,,18509,3,,,1,30,,18510,3,,,1,73,,18511,3,,,1,27,,18512,3,,,1,70,,18513,3,,,1,30,,18514,3,,,1,70,,18515,3,,,1,30,,18516,3,,,1,70,,18517,3,,,1,30,,18518,3,,,1,70,,18519,3,,,1,30,,18520,3,,,1,70,,18521,3,,,1
40301,'Weekday',605,,18532,3,,,1,30,,18531,3,,,1,20,,18522,3,0,10 31 32,1,50,,18533,3,,,1,20,,18523,3,0,10 31 32,1,10,,18534,3,,,1,20,,18524,3,0,10 31 32,1,50,,18535,3,,,1,30,,18536,3,,,1,70,,18537,3,,,1,28,,18538,3,,,1,70,,18539,3,,,1,30,,18540,3,,,1,70,,18541,3,,,1,30,,18542,3,,,1,70,,18543,3,,,1,30,,18544,3,,,1,70,,18545,3,,,1,30,,18546,3,,,1,70,,18547,3,,,1,25,,18548,3,,,1,30,,18549,3,,,1,63,,18525,3,0,10 31 32,1,7,,18550,3,,,1,23,,18526,3,0,10 31 32,1,7,,18551,3,,,1,63,,18527,3,0,10 31 32,1,7,,18552,3,,,1,23,,18528,3,0,10 31 32,1,7,,18553,3,,,1,63,,18529,3,0,10 31 32,1,7,,18554,3,,,1,23,,18530,3,0,10 31 32,1,7,,18555,3,,,1,70,,18556,3,,,1,30,,18557,3,,,1,70,,18558,3,,,1,30,,18559,3,,,1,70,,18560,3,,,1,30,,18561,3,,,1,70,,18562,3,,,1,74,,18563,3,,,1,32,,18564,3,,,1
42100,'SatSun',950,,19232,3,,,1,70,,19233,3,,,1,30,,19234,3,,,1,70,,19235,3,,,1,30,,19236,3,,,1,70,,19237,3,,,1,30,,19238,3,,,1,70,,19239,3,,,1,30,,19240,3,,,1,70,,19241,3,,,1,30,,19242,3,,,1,70,,19243,3,,,1,30,,19244,3,,,1,70,,19245,3,,,1,30,,19246,3,,,1,70,,19247,3,,,1,30,,19248,3,,,1,73,,19249,3,0,10 26,1,30,,19250,3,0,10 26,1
42100,'Weekday',603,,19251,8,0,7 30,1,30,,19252,8,0,7 30,1,70,,19253,8,0,7 30,1,31,,19254,8,0,7 30,1,82,,19255,8,0,7 30,1,30,,19256,8,0,7 30,1,70,,19257,8,0,7 30,1,25,,19258,8,0,7 30,1,75,,19259,8,0,7 30,1,30,,19260,8,0,7 30,1,70,,19261,8,0,7 30,1,30,,19262,8,0,7 30,1,70,,19263,8,0,7 30,1,90,,19264,8,0,7 30,1,39,,19265,8,0,5 30,1,65,,19266,8,0,7 30,1,31,,19267,8,0,7 30,1,70,,19268,8,0,7 30,1,36,,19277,8,0,7 30,1,64,,19279,8,0,7 30,1,30,,19278,8,0,7 30,1
42101,'Weekday',1026,,19307,43,0,7 22 9,1,30,,19308,43,0,7 22 9,1,65,,19309,43,0,7 22 9,1,35,,19310,43,0,7 22 9,1,70,,19311,43,0,7 22 9,1,30,,19312,43,0,7 22 9,1,68,,19313,43,0,7 22 9,1,28,,19314,43,0,7 22 9,1,95,,19315,43,0,7 22 9,1,72,,19316,43,0,7 22 9,1,29,,19317,43,0,7 22 9,1,70,,19318,43,0,7 22 9,1,30,,19319,43,0,7 22 9,1,74,,19320,43,0,7 22 9,1,26,,19321,43,0,7 22 9,1,73,,19322,43,0,7 22 9,1,30,,19323,43,0,7 22 9,1,74,,19324,43,0,7 22 9,1,30,,19325,43,0,7 22 9,1,70,,19326,43,0,7 22 9,1
90101,'SatSun',638,,20059,20,0,7 24 25,1,70,,20060,20,0,7 24 25,1,30,,20061,20,0,7 24 25,1,70,,20062,20,0,7 24 25,1,30,,20063,20,0,7 24 25,1,70,,20064,20,0,7 24 25,1,30,,20065,20,0,7 24 25,1,70,,20066,20,0,7 24 25,1,30,,20067,20,0,7 24 25,1,70,,20068,20,0,7 24 25,1,30,,20069,20,0,7 24 25,1,70,,20070,20,0,7 24 25,1,30,,20071,20,0,7 24 25,1,70,,20072,20,0,7 24 25,1,30,,20073,20,0,7 24 25,1,70,,20074,20,0,7 24 25,1,30,,20075,20,0,7 24 25,1,70,,20076,20,0,7 24 25,1,30,,20077,20,0,7 24 25,1,70,,20078,20,0,7 24 25,1,30,,20079,20,0,7 24 25,1,70,,20080,20,0,7 24 25,1,30,,20081,20,0,7 24 25,1,70,,20082,20,0,7 24 25,1,30,,20083,20,0,7 24 25,1,70,,20084,20,0,7 24 25,1,30,,20085,20,0,7 24 25,1,70,,20086,20,0,7 24 25,1,30,,20087,20,0,7 24 25,1,70,,20088,20,0,7 24 25,1,30,,20089,20,0,7 24 25,1,70,,20090,20,0,7 24 25,1,30,,20091,25,0,7 24 25,1,82,,20124,25,0,7 24 25,1
90101,'Weekday',622,,20125,20,0,7 24 25,1,30,,20126,20,0,7 24 25,1,70,,20127,20,0,7 24 25,1,30,,20128,20,0,7 24 25,1,70,,20129,20,0,7 24 25,1,30,,20130,20,0,7 24 25,1,71,,20131,20,0,7 24 25,1,30,,20132,20,0,7 24 25,1,73,,20133,20,0,7 24 25,1,30,,20134,20,0,7 24 25,1,70,,20135,20,0,7 24 25,1,30,,20136,20,0,7 24 25,1,70,,20137,20,0,7 24 25,1,30,,20138,20,0,7 24 25,1,70,,20139,20,0,7 24 25,1,30,,20140,20,0,7 24 25,1,70,,20141,20,0,7 24 25,1,32,,20142,20,0,7 24 25,1,70,,20143,20,0,7 24 25,1,30,,20144,20,0,7 24 25,1,67,,20145,20,0,7 24 25,1,30,,20146,20,0,7 24 25,1,70,,20147,20,0,7 24 25,1,30,,20148,20,0,7 24 25,1,70,,20149,20,0,7 24 25,1,29,,20150,20,0,7 24 25,1,70,,20151,20,0,7 24 25,1,30,,20152,20,0,7 24 25,1,70,,20153,20,0,7 24 25,1,30,,20154,20,0,7 24 25,1,68,,20155,20,0,7 24 25,1,30,,20156,20,0,7 24 25,1,70,,20157,20,0,7 24 25,1,30,,20158,20,0,7 24 25,1,68,,20220,25,0,7 24 25,1
90201,'SatSun',617,,20328,42,,,1,30,,20329,42,,,1,70,,20330,42,,,1,30,,20331,42,,,1,72,,20332,42,,,1,30,,20333,42,,,1,70,,20334,42,,,1,30,,20335,42,,,1,68,,20336,42,,,1,29,,20337,36,,,1,70,,20338,36,,,1,29,,20339,36,,,1,70,,20340,36,,,1,30,,20341,36,,,1,70,,20342,36,,,1,30,,20343,36,,,1,70,,20344,36,,,1,30,,20345,36,,,1,70,,20346,36,,,1,30,,20347,36,,,1,70,,20348,36,,,1,30,,20349,36,,,1,70,,20350,36,,,1,30,,20351,36,,,1,71,,20352,36,,,1,30,,20353,36,,,1,70,,20354,36,,,1,30,,20355,36,,,1,70,,20356,36,,,1,31,,20357,36,,,1,70,,20358,36,,,1,30,,20359,36,,,1,70,,20360,36,,,1,30,,20361,36,,,1,70,,20362,36,,,1,19,,20324,42,,,1,70,,20325,42,,,1,30,,20326,42,,,1,70,,20327,42,,,1
90201,'Weekday',553,,20384,42,,,1,70,,20385,42,,,1,30,,20386,42,,,1,60,,20387,42,,,1,20,,20388,42,,,1,20,,20389,42,,,1,60,,20440,3,,,1,20,,20391,42,,,1,20,,20392,42,,,1,60,,20434,3,,,1,20,,20438,3,,,1,20,,20432,3,,,1,60,,20396,42,,,1,20,,20397,42,,,1,20,,20433,3,,,1,60,,20399,42,,,1,20,,20400,42,,,1,20,,20401,42,,,1,60,,20436,3,,,1,20,,20403,42,,,1,20,,20404,42,,,1,60,,20405,42,,,1,20,,20406,42,,,1,20,,20441,3,,,1,60,,20408,42,,,1,20,,20439,3,,,1,20,,20410,42,,,1,60,,20411,42,,,1,20,,20412,42,,,1,24,,20413,42,,,1,60,,20414,42,,,1,20,,20415,42,,,1,20,,20416,42,,,1,60,,20417,42,,,1,20,,20418,42,,,1,20,,20429,42,,,1,60,,20430,42,,,1,20,,20431,42,,,1,20,,20437,3,,,1,60,,20420,42,,,1,20,,20421,42,,,1,20,,20422,42,,,1,69,,20423,42,,,1,30,,20424,42,,,1,70,,20425,42,,,1,24,,20426,42,,,1,70,,20435,3,,,1,30,,20428,42,,,1,70,,20380,42,,,1,30,,20381,42,,,1,70,,20382,42,,,1,30,,20383,42,,,1
91701,'SatSun',529,,21105,3,,,1,94,,21106,3,,,1,30,,21107,3,,,1,73,,21108,3,,,1,30,,21109,3,,,1,70,,21110,3,,,1,30,,21111,3,,,1,70,,21112,3,,,1,30,,21113,3,,,1,70,,21114,3,,,1,30,,21115,3,,,1,70,,21116,3,,,1,30,,21117,3,,,1,70,,21118,3,,,1,30,,21119,3,,,1,70,,21120,3,,,1,30,,21121,3,,,1,70,,21122,3,,,1,30,,21123,3,,,1,70,,21124,3,,,1,30,,21125,3,,,1,70,,21126,3,,,1,30,,21127,3,,,1,70,,21128,3,,,1,30,,21129,3,,,1,70,,21130,3,,,1,30,,21131,3,,,1,70,,21132,3,,,1,30,,21133,3,,,1,70,,21134,3,,,1,30,,21135,3,,,1,70,,21136,3,,,1,30,,21137,3,,,1,70,,21138,3,,,1,30,,21139,3,,,1,70,,21140,3,,,1,30,,21141,3,,,1,70,,21142,3,,,1
91701,'Weekday',448,,21156,3,,,1,76,,21178,3,,,1,30,,21168,3,,,1,70,,21183,3,,,1,34,,21149,3,,,1,70,,21160,3,,,1,30,,21145,3,,,1,79,,21177,3,,,1,70,,21171,3,,,1,37,,21144,3,,,1,70,,21147,3,,,1,28,,21182,3,,,1,75,,21175,3,,,1,30,,21164,3,,,1,66,,21162,3,,,1,40,,21151,3,,,1,75,,21158,3,,,1,25,,21170,3,,,1,70,,21167,3,,,1,25,,21152,3,,,1,70,,21174,3,,,1,30,,21146,3,,,1,70,,21161,3,,,1,22,,21169,3,,,1,80,,21148,3,,,1,30,,21179,3,,,1,70,,21180,3,,,1,30,,21172,3,,,1,70,,21165,3,,,1,32,,21150,3,,,1,70,,21163,3,,,1,30,,21153,3,,,1,70,,21154,3,,,1,30,,21155,3,,,1,70,,21176,3,,,1,30,,21157,3,,,1,70,,21159,3,,,1,30,,21181,3,,,1,70,,21143,3,,,1
