11200,'SatSun',718,,17286,2,0,10 47,1,30,,17300,2,0,10 47,1,70,,17287,2,0,10 47,1,30,,17301,2,0,10 47,1,70,,17288,2,0,10 47,1,30,,17302,2,0,10 47,1,70,,17289,2,0,10 47,1,30,,17303,2,0,10 47,1,70,,17290,2,0,10 47,1,30,,17304,2,0,10 47,1,70,,17291,2,0,10 47,1,30,,17305,2,0,10 47,1,70,,17292,2,0,10 47,1,30,,17306,2,0,10 47,1,70,,17293,2,0,10 47,1,30,,17307,2,0,10 47,1,70,,17294,2,0,10 47,1,30,,17308,2,0,10 47,1,70,,17295,2,0,10 47,1,30,,17309,2,0,10 47,1,70,,17296,2,0,10 47,1,30,,17310,2,0,10 47,1,70,,17297,2,0,10 47,1,30,,17311,2,0,10 47,1,70,,17298,2,0,10 47,1,30,,17312,2,0,10 47,1,70,,17299,2,0,10 47,1,30,,17313,2,0,10 47,1
11200,'Weekday',628,,17314,2,,,1,30,,17315,2,,,1,70,,17316,2,,,1,30,,17317,2,,,1,74,,17318,2,,,1,70,,17319,2,,,1,30,,17320,2,,,1,70,,17321,2,,,1,30,,17322,2,,,1,70,,17323,2,,,1,26,,17324,2,,,1,30,,17325,2,,,1,55,,17326,2,,,1,30,,17327,2,,,1,70,,17328,2,,,1,30,,17329,2,,,1,70,,17330,2,,,1,30,,17331,2,,,1,70,,17332,2,,,1,30,,17333,2,,,1,71,,17334,2,,,1,30,,17335,2,,,1,73,,17336,2,,,1,30,,17337,2,,,1,70,,17338,2,,,1,27,,17339,2,,,1,70,,17340,2,,,1
11800,'SatSun',724,,17398,2,,,1,30,,17399,2,,,1,70,,17400,2,,,1,30,,17401,2,,,1,70,,17402,2,,,1,30,,17403,2,,,1,70,,17404,2,,,1,30,,17405,2,,,1,70,,17406,2,,,1,30,,17407,2,,,1,70,,17408,2,,,1,30,,17409,2,,,1,63,,17410,2,,,1,30,,17411,2,,,1,70,,17412,2,,,1,30,,17413,2,,,1,70,,17414,2,,,1,30,,17415,2,,,1,70,,17416,2,,,1,30,,17417,2,,,1,70,,17418,2,,,1,30,,17419,2,,,1,70,,17420,2,,,1,30,,17421,2,,,1,70,,17422,2,,,1
11800,'Weekday',628,,17423,2,,,1,30,,17424,2,,,1,70,,17425,2,,,1,26,,17426,2,,,1,70,,17427,2,,,1,30,,17428,2,,,1,70,,17429,2,,,1,30,,17430,2,,,1,70,,17431,2,,,1,30,,17432,2,,,1,70,,17433,2,,,1,30,,17434,2,,,1,59,,17435,2,,,1,30,,17436,2,,,1,70,,17437,2,,,1,30,,17438,2,,,1,72,,17439,2,,,1,30,,17440,2,,,1,70,,17441,2,,,1,30,,17442,2,,,1,70,,17443,2,,,1,30,,17444,2,,,1,72,,17445,2,,,1,30,,17446,2,,,1,70,,17447,2,,,1,27,,17448,2,,,1,70,,17449,2,,,1
12101,'SatSun',709,,17580,2,,,1,30,,17581,2,,,1,70,,17582,2,,,1,30,,17583,2,,,1,70,,17584,2,,,1,30,,17585,2,,,1,70,,17586,2,,,1,30,,17587,2,,,1,70,,17588,2,,,1,33,,17589,2,,,1,70,,17590,2,,,1,30,,17591,2,,,1,70,,17592,2,,,1,30,,17593,2,,,1,70,,17594,2,,,1,30,,17595,2,,,1,70,,17596,2,,,1,30,,17597,2,,,1,70,,17598,2,,,1,30,,17599,2,,,1,70,,17600,2,,,1,30,,17601,2,,,1,70,,17602,2,,,1,30,,17603,2,,,1,70,,17604,2,,,1,30,,17605,2,,,1,70,,17606,2,,,1,30,,17607,2,,,1,70,,17608,2,,,1,30,,17609,2,,,1,70,,17610,2,,,1,30,,17611,2,,,1,70,,17612,2,,,1,30,,17613,2,,,1,70,,17614,2,,,1
12101,'Weekday',507,,17620,2,,,1,35,,17621,2,,,1,67,,17624,2,0,7 11 9,1,27,,17625,2,0,7 11 9,1,70,,17626,2,0,7 11 9,1,30,,17627,2,0,7 11 9,1,70,,17628,2,0,7 11 9,1,30,,17629,2,0,7 11 9,1,75,,17630,2,0,7 11 9,1,31,,17631,2,,,1,70,,17632,2,,,1,30,,17633,2,,,1,63,,17653,2,,,1,25,,17634,2,,,1,70,,17635,2,,,1,25,,17636,2,,,1,30,,17637,2,,,1,70,,17638,2,,,1,31,,17639,2,,,1,70,,17640,2,,,1,30,,17641,2,,,1,70,,17642,2,,,1,30,,17643,2,,,1,70,,17644,2,,,1,30,,17645,2,,,1,70,,17646,2,,,1,30,,17647,2,,,1,70,,17648,2,,,1,30,,17649,2,,,1,69,,17650,2,,,1,30,,17651,2,,,1,70,,17652,2,,,1,30,,17622,2,,,1,70,,17615,2,,,1,30,,17623,2,,,1,70,,17616,2,,,1,30,,17617,2,,,1,70,,17618,2,,,1,75,,17619,2,,,1
21100,'Weekday',618,,17654,2,,,1,30,,17655,2,,,1,70,,17656,2,,,1,30,,17657,2,,,1,70,,17658,2,,,1,30,,17659,2,,,1,567,,17665,2,,,1,229,,17660,2,,,1,70,,17661,2,,,1,30,,17662,2,,,1,70,,17663,2,,,1,30,,17664,2,,,1
90000,'SatSun',715,,19626,2,,,1,33,,19627,2,,,1,62,,19628,2,,,1,18,,19629,2,,,1,31,,19630,2,,,1,70,,19631,2,,,1,30,,19632,2,,,1,60,,19633,2,,,1,28,,19634,2,,,1,70,,19635,2,,,1,30,,19636,2,,,1,75,,19637,2,,,1,84,,19638,2,,,1,16,,19639,2,,,1,30,,19640,2,,,1,65,,19641,2,,,1,30,,19642,2,,,1,70,,19643,2,,,1,30,,19644,2,,,1,75,,19645,2,,,1,25,,19646,2,,,1,70,,19647,2,,,1,15,,19648,2,,,1,22,,19649,2,,,1,70,,19650,2,,,1,89,,19651,2,,,1,30,,19652,2,,,1,87,,19653,2,,,1,70,,19654,2,,,1,30,,19655,2,,,1
90000,'Weekday',550,,19702,2,,,1,57,,19737,2,,,1,24,,19703,2,,,1,24,,19704,2,,,1,71,,19705,2,,,1,17,,19706,2,,,1,64,,19707,2,,,1,24,,19708,2,,,1,24,,19709,2,,,1,64,,19710,2,,,1,32,,19711,2,,,1,59,,19712,2,,,1,24,,19713,2,,,1,24,,19714,2,,,1,64,,19715,2,,,1,24,,19716,2,,,1,68,,19717,2,,,1,24,,19718,2,,,1,20,,19719,2,,,1,64,,19720,2,,,1,25,,19721,2,,,1,64,,19722,2,,,1,24,,19723,2,,,1,24,,19724,2,,,1,64,,19725,2,,,1,24,,19726,2,,,1,64,,19727,2,,,1,24,,19728,2,,,1,24,,19729,2,,,1,64,,19730,2,,,1,24,,19731,2,,,1,64,,19664,2,,,1,24,,19732,2,,,1,24,,19733,2,,,1,64,,19734,2,,,1,24,,19665,2,,,1,64,,19735,2,,,1,24,,19736,2,,,1
91600,'SatSun',519,,20832,2,,,1,30,,20833,2,,,1,77,,20834,2,,,1,30,,20835,2,,,1,73,,20836,2,,,1,30,,20837,2,,,1,70,,20838,2,,,1,25,,20839,2,,,1,65,,20840,2,,,1,30,,20841,2,,,1,70,,20842,2,,,1,38,,20843,2,,,1,70,,20844,2,,,1,30,,20845,2,,,1,65,,20846,2,,,1,35,,20847,2,,,1,70,,20848,2,,,1,30,,20849,2,,,1,70,,20850,2,,,1,30,,20851,2,,,1,70,,20852,2,,,1,73,,20853,2,,,1,30,,20854,2,,,1,70,,20855,2,,,1,30,,20856,2,,,1,70,,20857,2,,,1,30,,20858,2,,,1,70,,20859,2,,,1,26,,20860,2,,,1,30,,20861,2,,,1,70,,20862,2,,,1,30,,20863,2,,,1,80,,20864,2,,,1,70,,20865,2,,,1,30,,20866,2,,,1,70,,20867,2,,,1,30,,20868,2,,,1,70,,20869,2,,,1
91600,'Weekday',413,,20873,2,,,1,30,,20874,2,,,1,70,,20875,2,,,1,30,,20876,2,,,1,70,,20877,2,,,1,20,,20878,2,,,1,20,,20879,2,,,1,60,,20880,2,,,1,20,,20881,2,,,1,20,,20882,2,,,1,60,,20883,2,,,1,20,,20884,2,,,1,20,,20885,2,,,1,60,,20886,2,,,1,20,,20887,2,,,1,20,,20888,2,,,1,60,,20889,2,,,1,20,,20890,2,,,1,20,,20891,2,,,1,60,,20892,2,,,1,20,,20893,2,,,1,20,,20894,2,,,1,60,,20895,2,,,1,20,,20896,2,,,1,20,,20897,2,,,1,60,,20898,2,,,1,20,,20899,2,,,1,20,,20900,2,,,1,60,,20901,2,,,1,20,,20902,2,,,1,20,,20903,2,,,1,62,,20904,2,,,1,18,,20905,2,,,1,20,,20906,2,,,1,60,,20907,2,,,1,20,,20908,2,,,1,25,,20909,2,,,1,60,,20910,2,,,1,20,,20911,2,,,1,20,,20912,2,,,1,60,,20913,2,,,1,20,,20914,2,,,1,20,,20915,2,,,1,65,,20916,2,,,1,25,,20917,2,,,1,70,,20918,2,,,1,30,,20919,2,,,1,70,,20920,2,,,1,30,,20921,2,,,1,70,,20870,2,,,1,30,,20871,2,,,1,70,,20872,2,,,1,30,,20923,2,,,1,70,,20924,2,,,1
92000,'Weekday',640,,21195,2,,,1,63,,21196,2,,,1,20,,21197,2,,,1,20,,21225,2,,,1,60,,21198,2,,,1,20,,21199,2,,,1,20,,21226,2,,,1,67,,21200,2,,,1,736,,21227,2,,,1,74,,21201,2,,,1,26,,21228,2,,,1,70,,21202,2,,,1,30,,21229,2,,,1,67,,21230,2,,,1
