40300,'SatSun',630,,18414,1,,,1,70,,18415,1,,,1,30,,18416,1,,,1,70,,18417,1,,,1,30,,18418,1,,,1,70,,18419,1,,,1,30,,18420,1,,,1,70,,18421,1,,,1,30,,18422,1,,,1,26,,18423,1,,,1,70,,18424,1,,,1,74,,18425,1,,,1,30,,18426,1,,,1,70,,18427,1,,,1,30,,18428,1,,,1,70,,18429,1,,,1,30,,18430,1,,,1,70,,18431,1,,,1,30,,18432,1,,,1,26,,18433,1,,,1,74,,18434,1,,,1,70,,18435,1,,,1,33,,18436,1,,,1,67,,18437,1,,,1,30,,18438,1,,,1,70,,18439,1,,,1,30,,18440,1,,,1,70,,18441,1,,,1,30,,18442,1,,,1,70,,18443,1,,,1,30,,18444,1,,,1
40300,'Weekday',605,,18465,1,,,1,30,,18481,1,,,1,70,,18476,1,,,1,30,,18482,1,,,1,70,,18483,1,,,1,30,,18484,1,,,1,70,,18485,1,,,1,30,,18486,1,,,1,70,,18487,1,,,1,30,,18488,1,,,1,70,,18445,1,,,1,30,,18446,1,,,1,70,,18447,1,,,1,30,,18448,1,,,1,70,,18459,1,,,1,30,,18460,1,,,1,70,,18461,1,,,1,33,,18462,1,,,1,62,,18463,1,,,1,30,,18464,1,,,1,70,,18466,1,,,1,30,,18467,1,,,1,70,,18468,1,,,1,30,,18469,1,,,1,70,,18470,1,,,1,30,,18471,1,,,1,70,,18472,1,,,1,30,,18473,1,,,1,70,,18474,1,,,1,30,,18475,1,,,1,70,,18477,1,,,1,30,,18478,1,,,1,70,,18479,1,,,1,30,,18480,1,,,1
40301,'SatSun',624,,18489,30,4,,1,30,,18490,30,4,,1,70,,18491,30,4,,1,30,,18492,30,4,,1,70,,18493,30,4,,1,30,,18494,30,4,,1,70,,18495,30,4,,1,32,,18496,30,4,,1,70,,18497,30,4,,1,30,,18498,30,4,,1,70,,18499,30,4,,1,30,,18500,30,4,,1,70,,18501,30,4,,1,30,,18502,30,4,,1,70,,18503,30,4,,1,30,,18504,30,4,,1,70,,18505,30,4,,1,30,,18506,30,4,,1,70,,18507,30,4,,1,30,,18508,30,4,,1,70,,18509,30,4,,1,30,,18510,30,4,,1,73,,18511,30,4,,1,27,,18512,30,4,,1,70,,18513,30,4,,1,30,,18514,30,4,,1,70,,18515,30,4,,1,30,,18516,30,4,,1,70,,18517,30,4,,1,30,,18518,30,4,,1,70,,18519,30,4,,1,30,,18520,30,4,,1,70,,18521,30,4,,1
40301,'Weekday',630,,18532,30,4,,1,70,,18531,30,4,,1,30,,18533,30,4,,1,70,,18534,30,4,,1,30,,18535,30,4,,1,70,,18536,30,4,,1,30,,18537,30,4,,1,70,,18538,30,4,,1,30,,18539,30,4,,1,70,,18540,30,4,,1,30,,18541,30,4,,1,70,,18542,30,4,,1,30,,18543,30,4,,1,70,,18544,30,4,,1,30,,18545,30,4,,1,70,,18546,30,4,,1,30,,18547,30,4,,1,25,,18548,30,4,,1,70,,18549,30,4,,1,30,,18550,30,4,,1,70,,18551,30,4,,1,30,,18552,30,4,,1,70,,18553,30,4,,1,30,,18554,30,4,,1,70,,18555,30,4,,1,30,,18556,30,4,,1,70,,18557,30,4,,1,30,,18558,30,4,,1,70,,18559,30,4,,1,30,,18560,30,4,,1,70,,18561,30,4,,1,30,,18562,30,4,,1,72,,18563,30,4,,1,32,,18564,30,4,,1
42100,'Weekday',552,,19251,1,0,7 30,1,70,,19252,1,0,7 30,1,30,,19253,1,0,7 30,1,70,,19254,1,0,7 30,1,82,,19255,1,0,7 30,1,30,,19256,1,0,7 30,1,70,,19257,1,0,7 30,1,25,,19258,1,0,7 30,1,75,,19259,1,0,7 30,1,31,,19260,1,0,7 30,1,70,,19261,1,0,7 30,1,30,,19262,1,0,7 30,1,70,,19263,1,0,7 30,1,50,,19264,1,0,7 30,1,79,,19265,1,0,5 30,1,25,,19266,1,0,7 30,1,70,,19267,1,0,7 30,1,30,,19268,1,0,7 30,1,76,,19277,1,0,7 30,1,24,,19279,1,0,7 30,1,70,,19278,1,0,7 30,1,30,,19269,1,,,1,70,,19270,1,,,1,72,,19271,1,,,1,28,,19272,1,,,1,75,,19273,1,,,1,30,,19274,1,,,1,69,,19275,1,0,10 26,1,30,,19276,1,0,10 26,1
42101,'Weekday',559,,19299,33,4,,1,70,,19300,33,4,,1,30,,19301,33,4,,1,70,,19302,33,4,,1,30,,19303,33,4,,1,70,,19304,33,4,,1,30,,19305,33,4,,1,82,,19306,33,4,,1,91,,19307,44,4,,1,70,,19308,44,4,,1,25,,19309,44,4,,1,75,,19310,44,4,,1,30,,19311,44,4,,1,70,,19312,44,4,,1,28,,19313,44,4,,1,28,,19314,44,4,,1,95,,19315,44,4,,1,73,,19316,44,4,,1,29,,19317,44,4,,1,70,,19318,44,4,,1,30,,19319,44,4,,1,74,,19320,44,4,,1,26,,19321,44,4,,1,73,,19322,44,4,,1,30,,19323,44,4,,1,74,,19324,44,4,,1,70,,19325,44,4,,1,30,,19326,44,4,,1
90200,'SatSun',630,,20240,1,,,1,70,,20241,1,,,1,30,,20242,1,,,1,70,,20243,1,,,1,30,,20244,1,,,1,70,,20245,1,,,1,30,,20246,1,,,1,70,,20247,1,,,1,30,,20248,1,,,1,70,,20249,1,,,1,30,,20250,1,,,1,70,,20251,1,,,1,30,,20252,1,,,1,70,,20253,1,,,1,30,,20254,1,,,1,70,,20255,1,,,1,30,,20256,1,,,1,70,,20257,1,,,1,30,,20258,1,,,1,70,,20259,1,,,1,30,,20260,1,,,1,70,,20261,1,,,1,30,,20262,1,,,1,70,,20263,1,,,1,30,,20264,1,,,1,70,,20265,1,,,1,30,,20266,1,,,1,70,,20267,1,,,1,30,,20268,1,,,1,70,,20269,1,,,1,30,,20270,1,,,1,70,,20271,1,,,1,30,,20272,1,,,1,70,,20273,1,,,1,30,,20221,1,,,1,70,,20222,1,,,1
90200,'Weekday',600,,20276,1,,,1,20,,20277,1,,,1,20,,20278,1,,,1,60,,20279,1,,,1,20,,20280,1,,,1,20,,20281,1,,,1,60,,20282,1,,,1,20,,20283,1,,,1,20,,20284,1,,,1,60,,20285,1,,,1,20,,20286,1,,,1,20,,20287,1,,,1,60,,20288,1,,,1,20,,20289,1,,,1,20,,20290,1,,,1,60,,20291,1,,,1,20,,20292,1,,,1,20,,20293,1,,,1,60,,20294,1,,,1,20,,20295,1,,,1,20,,20296,1,,,1,60,,20297,1,,,1,20,,20298,1,,,1,20,,20299,1,,,1,60,,20300,1,,,1,20,,20301,1,,,1,20,,20302,1,,,1,60,,20303,1,,,1,20,,20304,1,,,1,20,,20305,1,,,1,60,,20306,1,,,1,20,,20307,1,,,1,20,,20308,1,,,1,60,,20309,1,,,1,20,,20310,1,,,1,20,,20311,1,,,1,60,,20312,1,,,1,20,,20313,1,,,1,20,,20314,1,,,1,60,,20315,1,,,1,30,,20316,1,,,1,70,,20317,1,,,1,30,,20318,1,,,1,70,,20319,1,,,1,30,,20320,1,,,1,70,,20321,1,,,1,30,,20322,1,,,1,70,,20323,1,,,1,30,,20274,1,,,1,70,,20275,1,,,1
90201,'SatSun',622,,20328,43,4,,1,30,,20329,43,4,,1,70,,20330,43,4,,1,30,,20331,43,4,,1,73,,20332,43,4,,1,30,,20333,43,4,,1,70,,20334,43,4,,1,30,,20335,43,4,,1,67,,20336,43,4,,1,30,,20337,37,4,,1,70,,20338,37,4,,1,30,,20339,37,4,,1,70,,20340,37,4,,1,30,,20341,37,4,,1,70,,20342,37,4,,1,30,,20343,37,4,,1,70,,20344,37,4,,1,30,,20345,37,4,,1,70,,20346,37,4,,1,30,,20347,37,4,,1,70,,20348,37,4,,1,30,,20349,37,4,,1,70,,20350,37,4,,1,30,,20351,37,4,,1,70,,20352,37,4,,1,30,,20353,37,4,,1,70,,20354,37,4,,1,30,,20355,37,4,,1,70,,20356,37,4,,1,30,,20357,37,4,,1,70,,20358,37,4,,1,30,,20359,37,4,,1,70,,20360,37,4,,1,30,,20361,37,4,,1,70,,20362,37,4,,1,19,,20324,43,4,,1,70,,20325,43,4,,1,30,,20326,43,4,,1,70,,20327,43,4,,1
90201,'Weekday',559,,20384,43,4,,1,70,,20385,43,4,,1,30,,20386,43,4,,1,60,,20387,43,4,,1,20,,20388,43,4,,1,20,,20389,43,4,,1,60,,20440,4,4,,1,20,,20391,43,4,,1,20,,20392,43,4,,1,60,,20434,4,4,,1,20,,20438,4,4,,1,20,,20432,4,4,,1,60,,20396,43,4,,1,20,,20397,43,4,,1,20,,20433,4,4,,1,60,,20399,43,4,,1,20,,20400,43,4,,1,20,,20401,43,4,,1,60,,20436,4,4,,1,20,,20403,43,4,,1,20,,20404,43,4,,1,60,,20405,43,4,,1,20,,20406,43,4,,1,20,,20441,4,4,,1,60,,20408,43,4,,1,20,,20439,4,4,,1,20,,20410,43,4,,1,60,,20411,43,4,,1,20,,20412,43,4,,1,65,,20413,43,4,,1,20,,20414,43,4,,1,20,,20415,43,4,,1,60,,20416,43,4,,1,20,,20417,43,4,,1,20,,20418,43,4,,1,60,,20429,43,4,,1,20,,20430,43,4,,1,20,,20431,43,4,,1,60,,20437,4,4,,1,20,,20420,43,4,,1,20,,20421,43,4,,1,60,,20422,43,4,,1,29,,20423,43,4,,1,70,,20424,43,4,,1,30,,20425,43,4,,1,24,,20426,43,4,,1,70,,20435,4,4,,1,30,,20428,43,4,,1,70,,20380,43,4,,1,30,,20381,43,4,,1,70,,20382,43,4,,1,30,,20383,43,4,,1
