30201,'SatSun',551,,18179,4,,,1,70,,18180,4,,,1,30,,18181,4,,,1,70,,18182,4,,,1,30,,18183,4,,,1,70,,18184,4,,,1,30,,18185,4,,,1,70,,18186,4,,,1,30,,18195,4,,,1,70,,18196,4,,,1,30,,18197,4,,,1,70,,18198,4,,,1,30,,18199,4,,,1,70,,18200,4,,,1,30,,18201,4,,,1,70,,18202,4,,,1,30,,18203,4,,,1,70,,18204,4,,,1,30,,18205,4,,,1,70,,18206,4,,,1,30,,18207,4,,,1,70,,18208,4,,,1,30,,18209,4,,,1,70,,18210,4,,,1,30,,18211,4,,,1,70,,18187,4,,,1,30,,18188,4,,,1,70,,18189,4,,,1,30,,18190,4,,,1,70,,18191,4,,,1,30,,18192,4,,,1,70,,18193,4,,,1,30,,18194,4,,,1
30201,'Weekday',416,,18212,4,,,1,32,,18213,4,,,1,75,,18214,4,,,1,30,,18215,4,,,1,70,,18216,4,,,1,30,,18217,4,,,1,70,,18218,4,,,1,30,,18219,4,,,1,70,,18220,4,,,1,30,,18221,4,,,1,67,,18222,4,,,1,30,,18223,4,,,1,70,,18224,4,,,1,30,,18225,4,,,1,70,,18226,4,,,1,30,,18227,4,,,1,70,,18228,4,,,1,29,,18229,4,,,1,70,,18230,4,,,1,30,,18231,4,,,1,70,,18232,4,,,1,34,,18233,4,,,1,70,,18234,4,,,1,30,,18235,4,,,1,70,,18236,4,,,1,30,,18237,4,,,1,70,,18238,4,,,1,30,,18239,4,,,1,66,,18240,4,,,1,30,,18241,4,,,1,70,,18242,4,,,1,34,,18243,4,,,1,66,,18244,4,,,1,30,,18245,4,,,1,70,,18246,4,,,1,30,,18247,4,,,1
40900,'SatSun',717,,18830,23,,,1,30,,18831,23,,,1,70,,18832,23,,,1,30,,18833,23,,,1,70,,18834,23,,,1,30,,18835,23,,,1,70,,18836,23,,,1,30,,18837,23,,,1,70,,18838,23,,,1,30,,18839,23,,,1,70,,18840,23,,,1,30,,18841,23,,,1,70,,18842,23,,,1,30,,18843,23,,,1,70,,18844,23,,,1,30,,18845,23,,,1,70,,18846,23,,,1,30,,18847,23,,,1,70,,18848,23,,,1,30,,18849,23,,,1,70,,18850,23,,,1,30,,18851,23,,,1,70,,18852,23,,,1,30,,18853,23,,,1,70,,18854,23,,,1,30,,18855,23,,,1,70,,18858,23,,,1,30,,18859,23,,,1,70,,18860,23,,,1,30,,18861,23,,,1,70,,18856,23,,,1,30,,18862,23,,,1,70,,18857,23,,,1
40900,'Weekday',657,,18869,23,,,1,70,,18870,23,,,1,73,,18871,23,,,1,30,,18872,23,,,1,70,,18873,23,,,1,30,,18874,23,,,1,27,,18875,23,,,1,72,,18876,30,0,5 20 21,1,28,,18877,23,,,1,70,,18878,23,,,1,30,,18879,23,,,1,72,,18880,30,0,5 20 21,1,28,,18881,23,,,1,70,,18882,23,,,1,30,,18883,23,,,1,72,,18884,30,0,5 20 21,1,71,,18885,23,,,1,30,,18886,23,,,1,70,,18887,23,,,1,33,,18888,30,0,5 20 21,1,67,,18889,23,,,1,30,,18890,23,,,1,70,,18891,23,,,1,30,,18892,23,,,1,70,,18893,23,,,1,30,,18894,23,,,1,70,,18863,23,,,1,30,,18864,23,,,1,70,,18865,23,,,1,30,,18866,23,,,1,70,,18867,23,,,1,42,,18868,23,,,1
61800,'Weekday',1110,,19577,4,,,1,130,,19578,4,,,1,484,,19579,20,,,1,130,,19580,20,,,1
90100,'Overnight',2322,,19892,39,,,1,30,,19891,39,,,1
90100,'SatSun',2206,,19924,39,,,1,43,,19957,39,,,1
90100,'Weekday',2247,,20054,39,,,1
90500,'SatSun',639,,20442,41,0,5 19,1,70,,20454,41,0,7 20 21,1,30,,20455,41,0,7 20 21,1,70,,20443,41,0,5 19,1,30,,20456,41,0,7 20 21,1,70,,20457,41,0,7 20 21,1,31,,20444,41,0,5 19,1,71,,20458,41,0,7 20 21,1,30,,20459,41,0,7 20 21,1,69,,20445,41,0,5 19,1,31,,20460,41,0,7 20 21,1,70,,20461,41,0,7 20 21,1,29,,20446,41,0,5 19,1,71,,20462,41,0,7 20 21,1,30,,20463,41,0,7 20 21,1,69,,20447,41,0,5 19,1,31,,20464,41,0,7 20 21,1,70,,20465,41,0,7 20 21,1,29,,20448,41,0,5 19,1,71,,20466,41,0,7 20 21,1,30,,20467,41,0,7 20 21,1,68,,20449,41,0,5 19,1,30,,20468,41,0,7 20 21,1,70,,20469,41,0,7 20 21,1,30,,20450,41,0,5 19,1,70,,20470,41,0,7 20 21,1,30,,20471,41,0,7 20 21,1,70,,20451,41,0,5 19,1,30,,20472,41,0,7 20 21,1,70,,20473,41,0,7 20 21,1,30,,20452,41,0,5 19,1,70,,20474,41,0,7 20 21,1,30,,20475,41,0,7 20 21,1,70,,20453,41,0,5 19,1,42,,20476,41,0,7 20 21,1,58,,20477,41,0,7 20 21,1,30,,20478,41,0,7 20 21,1
90500,'Weekday',451,,20537,31,0,54 20 21,1,170,,20502,41,0,5 19,1,30,,20479,41,0,7 20 21,1,70,,20480,41,0,7 20 21,1,15,,20514,31,0,54 20 21,1,15,,20503,41,0,5 19,1,55,,20515,31,0,54 20 21,1,15,,20481,41,0,7 20 21,1,15,,20516,31,0,54 20 21,1,15,,20482,41,0,7 20 21,1,55,,20517,31,0,54 20 21,1,15,,20504,41,0,5 19,1,15,,20518,31,0,54 20 21,1,15,,20483,41,0,7 20 21,1,55,,20519,31,0,54 20 21,1,15,,20484,41,0,7 20 21,1,15,,20520,31,0,54 20 21,1,15,,20505,41,0,5 19,1,55,,20521,31,0,54 20 21,1,15,,20485,41,0,7 20 21,1,15,,20522,31,0,54 20 21,1,15,,20486,41,0,7 20 21,1,55,,20523,31,0,54 20 21,1,15,,20506,41,0,5 19,1,14,,20524,31,0,54 20 21,1,14,,20487,41,0,7 20 21,1,56,,20525,31,0,54 20 21,1,14,,20488,41,0,7 20 21,1,16,,20526,31,0,54 20 21,1,23,,20507,41,0,5 19,1,54,,20527,31,0,54 20 21,1,15,,20489,41,0,7 20 21,1,15,,20528,31,0,54 20 21,1,15,,20490,41,0,7 20 21,1,55,,20529,31,0,54 20 21,1,19,,20508,41,0,5 19,1,15,,20530,31,0,54 20 21,1,55,,20491,41,0,7 20 21,1,15,,20531,31,0,54 20 21,1,15,,20492,41,0,7 20 21,1,15,,20532,31,0,54 20 21,1,55,,20509,41,0,5 19,1,15,,20533,31,0,54 20 21,1,15,,20493,41,0,7 20 21,1,15,,20534,31,0,54 20 21,1,55,,20494,41,0,7 20 21,1,15,,20535,31,0,54 20 21,1,15,,20510,41,0,5 19,1,13,,20536,31,0,54 20 21,1,57,,20495,41,0,7 20 21,1,30,,20496,41,0,7 20 21,1,70,,20511,41,0,5 19,1,30,,20497,41,0,7 20 21,1,70,,20498,41,0,7 20 21,1,26,,20512,41,0,5 19,1,74,,20499,41,0,7 20 21,1,30,,20500,41,0,7 20 21,1,26,,20513,41,0,5 19,1,74,,20501,41,0,7 20 21,1,70,,20538,41,0,7 20 21,1,30,,20539,31,0,54 20 21,1,70,,20540,41,0,7 20 21,1
1400000200,'Overnight',2428,,21340,33,,,1,30,,21337,33,,,1,68,,21345,33,,,1,30,,21336,33,,,1,70,,21338,33,,,1,33,,21341,33,,,1,70,,21339,33,,,1,30,,21343,33,,,1,70,,21342,33,,,1,27,,21344,33,,,1,70,,21346,33,,,1
