30200,'SatSun',714,,18098,48,,,1,30,,18099,48,,,1,70,,18100,48,,,1,30,,18101,48,,,1,70,,18102,48,,,1,30,,18103,48,,,1,70,,18104,48,,,1,30,,18105,48,,,1,70,,18106,48,,,1,30,,18107,48,,,1,70,,18108,48,,,1,30,,18109,48,,,1,70,,18110,48,,,1,30,,18111,48,,,1,70,,18112,48,,,1,30,,18113,48,,,1,70,,18114,48,,,1,30,,18115,48,,,1,70,,18116,48,,,1,30,,18117,48,,,1,70,,18118,48,,,1,30,,18119,48,,,1,70,,18120,48,,,1,30,,18121,48,,,1,70,,18122,48,,,1,30,,18123,48,,,1,70,,18124,48,,,1,30,,18125,48,,,1,70,,18126,48,,,1,30,,18127,48,,,1,70,,18128,48,,,1,30,,18129,48,,,1,80,,18130,48,,,1,20,,18131,48,,,1
30200,'Weekday',515,,18132,21,,,1,30,,18133,21,,,1,64,,18134,48,,,1,30,,18135,48,,,1,70,,18136,48,,,1,30,,18137,48,,,1,70,,18138,48,,,1,32,,18139,48,,,1,68,,18140,48,,,1,30,,18141,48,,,1,70,,18142,48,,,1,30,,18143,48,,,1,70,,18144,48,,,1,30,,18145,48,,,1,70,,18146,48,,,1,30,,18147,48,,,1,70,,18148,48,,,1,30,,18149,48,,,1,70,,18150,48,,,1,32,,18151,48,,,1,70,,18152,48,,,1,30,,18153,48,,,1,70,,18154,48,,,1,30,,18155,48,,,1,70,,18156,48,,,1,30,,18157,48,,,1,64,,18158,48,,,1,30,,18159,48,,,1,70,,18160,48,,,1,33,,18161,48,,,1,70,,18162,48,,,1,30,,18163,48,,,1,70,,18164,48,,,1,30,,18165,48,,,1,70,,18166,48,,,1,30,,18167,48,,,1,70,,18168,48,,,1,30,,18169,48,,,1
40901,'SatSun',644,,18895,4,,,1,70,,18896,4,,,1,30,,18897,4,,,1,70,,18898,4,,,1,30,,18899,4,,,1,70,,18900,4,,,1,30,,18901,4,,,1,70,,18902,4,,,1,30,,18903,4,,,1,70,,18904,4,,,1,30,,18905,4,,,1,70,,18906,4,,,1,30,,18907,4,,,1,70,,18908,4,,,1,30,,18909,4,,,1,70,,18910,4,,,1,30,,18911,4,,,1,70,,18912,4,,,1,30,,18913,4,,,1,70,,18914,4,,,1,30,,18915,4,,,1,70,,18916,4,,,1,30,,18917,4,,,1,70,,18918,4,,,1,30,,18919,4,,,1,70,,18920,4,,,1,30,,18921,4,,,1,70,,18922,4,,,1,30,,18925,4,,,1,70,,18926,4,,,1,30,,18927,4,,,1,70,,18923,4,,,1,30,,18928,4,,,1,70,,18924,4,,,1
40901,'Weekday',633,,18961,4,,,1,70,,18935,4,,,1,30,,18936,4,,,1,70,,18937,4,,,1,30,,18938,4,,,1,70,,18939,4,,,1,30,,18940,4,,,1,70,,18941,4,0,5 22 23 13,1,30,,18942,4,,,1,70,,18943,4,,,1,30,,18944,4,,,1,69,,18945,4,0,5 22 23 13,1,31,,18946,4,,,1,70,,18947,4,,,1,30,,18948,4,,,1,70,,18949,4,0,5 22 23 13,1,30,,18950,4,,,1,70,,18951,4,,,1,30,,18952,4,0,7 22 23 13,1,70,,18953,4,,,1,30,,18954,4,,,1,70,,18955,4,,,1,30,,18956,4,,,1,70,,18957,4,,,1,30,,18958,4,,,1,70,,18959,4,,,1,30,,18960,4,,,1,70,,18929,4,,,1,30,,18930,4,,,1,70,,18931,4,,,1,30,,18932,4,,,1,70,,18933,4,,,1,43,,18934,4,,,1
61801,'Weekday',1058,,19582,37,0,10 53,1,168,,19589,37,0,10 53,1,579,,19584,37,0,7 44,1,129,,19585,37,0,7 44,1,186,,19586,37,0,10 53,1
90101,'SatSun',2213,,20091,4,0,7 24 25,1,41,,20124,4,0,7 24 25,1
90101,'Weekday',2254,,20220,4,0,7 24 25,1
90501,'SatSun',551,,20552,5,,,1,70,,20553,5,,,1,28,,20541,41,,,1,70,,20554,5,,,1,30,,20555,5,,,1,70,,20542,41,,,1,30,,20556,5,,,1,70,,20557,5,,,1,30,,20543,41,,,1,72,,20558,5,,,1,30,,20559,5,,,1,68,,20544,41,,,1,32,,20560,5,,,1,70,,20561,5,,,1,28,,20545,41,,,1,72,,20568,5,,,1,30,,20569,5,,,1,68,,20546,41,,,1,32,,20570,5,,,1,70,,20571,5,,,1,28,,20547,41,,,1,72,,20572,5,,,1,30,,20573,5,,,1,68,,20548,41,,,1,30,,20574,5,,,1,70,,20562,5,,,1,30,,20549,41,,,1,70,,20563,5,,,1,30,,20564,5,,,1,70,,20550,41,,,1,30,,20565,5,,,1,70,,20566,5,,,1,85,,20551,41,,,1,15,,20567,5,,,1,30,,20575,5,,,1,72,,20576,5,,,1,80,,20577,5,,,1,20,,20578,5,,,1
90501,'Weekday',438,,20638,5,0,54 18 9,1,98,,20590,5,,,1,70,,20591,5,,,1,29,,20579,41,,,1,11,,20615,5,0,54 18 9,1,55,,20592,5,,,1,17,,20616,5,0,54 18 9,1,13,,20593,5,,,1,15,,20617,5,0,54 18 9,1,59,,20580,41,,,1,11,,20618,5,0,54 18 9,1,15,,20594,5,,,1,15,,20619,5,0,54 18 9,1,55,,20595,5,,,1,15,,20620,5,0,54 18 9,1,19,,20581,41,,,1,11,,20621,5,0,54 18 9,1,55,,20596,5,,,1,15,,20622,5,0,54 18 9,1,15,,20597,5,,,1,15,,20623,5,0,54 18 9,1,55,,20582,41,,,1,15,,20624,5,0,54 18 9,1,15,,20598,5,,,1,15,,20625,5,0,54 18 9,1,55,,20599,5,,,1,15,,20626,5,0,54 18 9,1,15,,20583,41,,,1,14,,20627,5,0,54 18 9,1,14,,20600,5,,,1,56,,20628,5,0,54 18 9,1,14,,20601,5,,,1,16,,20629,5,0,54 18 9,1,63,,20584,41,,,1,14,,20630,5,0,54 18 9,1,15,,20602,5,,,1,15,,20631,5,0,54 18 9,1,55,,20603,5,,,1,15,,20632,5,0,54 18 9,1,15,,20585,41,,,1,19,,20633,5,0,54 18 9,1,55,,20604,5,,,1,15,,20634,5,0,54 18 9,1,15,,20605,5,,,1,15,,20641,5,0,54 18 9,1,55,,20586,41,,,1,15,,20635,5,0,54 18 9,1,15,,20606,5,,,1,15,,20636,5,0,54 18 9,1,55,,20607,5,,,1,15,,20637,5,0,54 18 9,1,15,,20587,41,,,1,70,,20608,5,,,1,30,,20609,5,,,1,70,,20588,41,,,1,30,,20610,5,,,1,70,,20611,5,,,1,30,,20589,41,,,1,70,,20612,5,,,1,30,,20613,5,,,1,59,,20614,41,,,1,41,,20639,5,,,1,70,,20640,5,0,54 18 9,1
1400000201,'Overnight',2332,,21347,3,,,1,70,,21353,3,,,1,31,,21352,3,,,1,70,,21348,3,,,1,28,,21349,3,,,1,70,,21350,3,,,1,30,,21351,3,,,1,73,,21356,3,,,1,30,,21357,3,,,1,70,,21358,3,,,1,30,,21359,3,,,1,67,,21360,3,,,1,30,,21361,3,,,1
