40300,'SatSun',652,,18414,25,,,1,70,,18415,25,,,1,30,,18416,25,,,1,70,,18417,25,,,1,30,,18418,25,,,1,70,,18419,25,,,1,30,,18420,25,,,1,72,,18421,25,,,1,30,,18422,25,,,1,66,,18423,25,,,1,30,,18424,25,,,1,74,,18425,25,,,1,30,,18426,25,,,1,70,,18427,25,,,1,30,,18428,25,,,1,70,,18429,25,,,1,30,,18430,25,,,1,70,,18431,25,,,1,30,,18432,25,,,1,66,,18433,25,,,1,34,,18434,25,,,1,70,,18435,25,,,1,33,,18436,25,,,1,67,,18437,25,,,1,30,,18438,25,,,1,70,,18439,25,,,1,30,,18440,25,,,1,70,,18441,25,,,1,30,,18442,25,,,1,70,,18443,25,,,1,30,,18444,25,,,1
40300,'Weekday',628,,18465,25,,,1,16,,18449,12,,,1,14,,18481,25,,,1,56,,18450,12,,,1,14,,18476,25,,,1,16,,18451,12,,,1,14,,18482,25,,,1,56,,18452,12,,,1,14,,18483,25,,,1,30,,18484,25,,,1,70,,18485,25,,,1,72,,18486,25,,,1,30,,18487,25,,,1,70,,18488,25,,,1,30,,18445,25,,,1,70,,18446,25,,,1,30,,18447,25,,,1,70,,18448,25,,,1,30,,18459,25,,,1,70,,18460,25,,,1,30,,18461,25,,,1,73,,18462,25,,,1,22,,18463,25,,,1,15,,18453,12,,,1,15,,18464,25,,,1,55,,18454,12,,,1,15,,18466,25,,,1,15,,18455,12,,,1,15,,18467,25,,,1,55,,18456,12,,,1,15,,18468,25,,,1,15,,18457,12,,,1,15,,18469,25,,,1,55,,18458,12,,,1,15,,18470,25,,,1,30,,18471,25,,,1,70,,18472,25,,,1,29,,18473,25,,,1,70,,18474,25,,,1,30,,18475,25,,,1,70,,18477,25,,,1,30,,18478,25,,,1,70,,18479,25,,,1,30,,18480,25,,,1
42100,'Weekday',558,,19251,4,0,7 30,1,70,,19252,4,0,7 30,1,30,,19253,4,0,7 30,1,71,,19254,4,0,7 30,1,82,,19255,4,0,7 30,1,30,,19256,4,0,7 30,1,70,,19257,4,0,7 30,1,25,,19258,4,0,7 30,1,75,,19259,4,0,7 30,1,30,,19260,4,0,7 30,1,70,,19261,4,0,7 30,1,30,,19262,4,0,7 30,1,70,,19263,4,0,7 30,1,90,,19264,4,0,7 30,1,39,,19265,4,0,5 30,1,65,,19266,4,0,7 30,1,31,,19267,4,0,7 30,1,70,,19268,4,0,7 30,1,36,,19277,4,0,7 30,1,64,,19279,4,0,7 30,1,30,,19278,4,0,7 30,1
42101,'SatSun',957,,19280,13,0,54 22 23 13,1,70,,19281,13,0,54 22 23 13,1,75,,19282,42,0,54 22 23 13,1,30,,19283,42,0,54 22 23 13,1,70,,19284,42,0,54 22 23 13,1,30,,19285,42,0,54 22 23 13,1,70,,19286,42,0,54 22 23 13,1,30,,19287,42,0,54 22 23 13,1,70,,19288,42,0,54 22 23 13,1,30,,19289,42,0,54 22 23 13,1,70,,19290,42,0,54 22 23 13,1,30,,19291,42,0,54 22 23 13,1,70,,19292,42,0,54 22 23 13,1,30,,19293,42,0,54 22 23 13,1,70,,19294,42,0,54 22 23 13,1,30,,19295,42,0,54 22 23 13,1,70,,19296,42,0,54 22 23 13,1,30,,19297,42,0,54 22 23 13,1,70,,19298,42,0,54 22 23 13,1
42101,'Weekday',1021,,19307,39,0,7 22 9,1,30,,19308,39,0,7 22 9,1,65,,19309,39,0,7 22 9,1,35,,19310,39,0,7 22 9,1,70,,19311,39,0,7 22 9,1,30,,19312,39,0,7 22 9,1,68,,19313,39,0,7 22 9,1,28,,19314,39,0,7 22 9,1,95,,19315,39,0,7 22 9,1,72,,19316,39,0,7 22 9,1,29,,19317,39,0,7 22 9,1,70,,19318,39,0,7 22 9,1,30,,19319,39,0,7 22 9,1,74,,19320,39,0,7 22 9,1,26,,19321,39,0,7 22 9,1,74,,19322,39,0,7 22 9,1,30,,19323,39,0,7 22 9,1,74,,19324,39,0,7 22 9,1,30,,19325,39,0,7 22 9,1,70,,19326,39,0,7 22 9,1
90100,'Overnight',2300,,19892,16,,,1,30,,19891,16,,,1,617,,19890,16,0,10 16 17 13,1
90100,'SatSun',609,,19893,16,0,10 16 17 13,1,30,,19894,16,0,10 16 17 13,1,70,,19895,16,0,10 16 17 13,1,30,,19896,16,0,10 16 17 13,1,70,,19897,16,0,10 16 17 13,1,30,,19898,16,0,10 16 17 13,1,70,,19899,16,0,10 16 17 13,1,30,,19900,16,0,10 16 17 13,1,70,,19901,16,0,10 16 17 13,1,30,,19902,16,0,10 16 17 13,1,70,,19903,16,0,10 16 17 13,1,30,,19904,16,0,10 16 17 13,1,70,,19905,16,0,10 16 17 13,1,30,,19906,16,0,10 16 17 13,1,70,,19907,16,0,10 16 17 13,1,30,,19908,16,0,10 16 17 13,1,70,,19909,16,0,10 16 17 13,1,30,,19910,16,0,10 16 17 13,1,70,,19911,16,0,10 16 17 13,1,30,,19912,16,0,10 16 17 13,1,70,,19913,16,0,10 16 17 13,1,30,,19914,16,0,10 16 17 13,1,70,,19915,16,0,10 16 17 13,1,27,,19916,16,0,10 16 17 13,1,73,,19917,16,0,10 16 17 13,1,30,,19918,16,0,10 16 17 13,1,70,,19919,16,0,10 16 17 13,1,30,,19920,16,0,10 16 17 13,1,70,,19921,16,0,10 16 17 13,1,30,,19922,16,0,10 16 17 13,1,70,,19923,16,0,10 16 17 13,1,30,,19924,16,,,1,70,,19955,16,0,10 16 17 13,1,18,,19957,16,,,1
90100,'Weekday',623,,19959,16,0,10 16 17 13,1,30,,19960,16,0,10 16 17 13,1,70,,19961,16,0,10 16 17 13,1,30,,19962,16,0,10 16 17 13,1,70,,19963,16,0,10 16 17 13,1,30,,19964,16,0,10 16 17 13,1,70,,19965,16,0,10 16 17 13,1,31,,19966,16,0,10 16 17 13,1,71,,19967,16,0,10 16 17 13,1,34,,19968,16,0,10 16 17 13,1,70,,19969,16,0,10 16 17 13,1,30,,19970,16,0,10 16 17 13,1,70,,19971,16,0,10 16 17 13,1,30,,19972,16,0,10 16 17 13,1,70,,19973,16,0,10 16 17 13,1,30,,19974,16,0,10 16 17 13,1,69,,19975,16,0,10 16 17 13,1,30,,19976,16,0,10 16 17 13,1,72,,19977,16,0,10 16 17 13,1,70,,19978,16,0,10 16 17 13,1,30,,19979,16,0,10 16 17 13,1,27,,19980,16,0,10 16 17 13,1,70,,19981,16,0,10 16 17 13,1,30,,19982,16,0,10 16 17 13,1,69,,19983,16,0,10 16 17 13,1,30,,19984,16,0,10 16 17 13,1,68,,19985,16,0,10 16 17 13,1,30,,19986,16,0,10 16 17 13,1,70,,19987,16,0,10 16 17 13,1,30,,19988,16,0,10 16 17 13,1,70,,19989,16,0,10 16 17 13,1,28,,19990,16,0,10 16 17 13,1,73,,20054,16,,,1
90200,'SatSun',636,,20240,4,,,1,70,,20241,4,,,1,30,,20242,4,,,1,70,,20243,4,,,1,30,,20244,4,,,1,70,,20245,4,,,1,32,,20246,4,,,1,70,,20247,4,,,1,30,,20248,4,,,1,70,,20249,4,,,1,30,,20250,4,,,1,70,,20251,4,,,1,30,,20252,4,,,1,70,,20253,4,,,1,30,,20254,4,,,1,70,,20255,4,,,1,30,,20256,4,,,1,70,,20257,4,,,1,30,,20258,4,,,1,70,,20259,4,,,1,30,,20260,4,,,1,70,,20261,4,,,1,30,,20262,4,,,1,70,,20263,4,,,1,30,,20264,4,,,1,70,,20265,4,,,1,30,,20266,4,,,1,70,,20267,4,,,1,30,,20268,4,,,1,70,,20269,4,,,1,30,,20270,4,,,1,68,,20271,4,,,1,30,,20272,4,,,1,70,,20273,4,,,1,30,,20221,4,,,1,70,,20222,4,,,1
90200,'Weekday',605,,20276,4,,,1,20,,20277,4,,,1,20,,20278,4,,,1,60,,20279,4,,,1,20,,20280,4,,,1,20,,20281,4,,,1,60,,20282,4,,,1,20,,20283,4,,,1,20,,20284,4,,,1,60,,20285,4,,,1,20,,20286,4,,,1,20,,20287,4,,,1,60,,20288,4,,,1,20,,20289,4,,,1,20,,20290,4,,,1,60,,20291,4,,,1,20,,20292,4,,,1,20,,20293,4,,,1,60,,20294,4,,,1,20,,20295,4,,,1,20,,20296,4,,,1,60,,20297,4,,,1,20,,20298,4,,,1,20,,20299,4,,,1,60,,20300,4,,,1,20,,20301,4,,,1,20,,20302,4,,,1,60,,20303,4,,,1,20,,20304,4,,,1,20,,20305,4,,,1,60,,20306,4,,,1,20,,20307,4,,,1,20,,20308,4,,,1,60,,20309,4,,,1,20,,20310,4,,,1,20,,20311,4,,,1,60,,20312,4,,,1,20,,20313,4,,,1,20,,20314,4,,,1,60,,20315,4,,,1,30,,20316,4,,,1,70,,20317,4,,,1,30,,20318,4,,,1,70,,20319,4,,,1,30,,20320,4,,,1,70,,20321,4,,,1,30,,20322,4,,,1,70,,20323,4,,,1,30,,20274,4,,,1,70,,20275,4,,,1
91700,'SatSun',515,,21019,34,,,1,97,,21060,47,,,1,30,,21020,47,,,1,70,,21021,47,,,1,30,,21022,47,,,1,70,,21023,47,,,1,33,,21024,47,,,1,67,,21025,47,,,1,30,,21026,47,,,1,70,,21027,47,,,1,30,,21028,47,,,1,70,,21029,47,,,1,30,,21030,47,,,1,70,,21031,47,,,1,30,,21032,47,,,1,70,,21033,47,,,1,30,,21034,47,,,1,70,,21035,47,,,1,30,,21036,47,,,1,70,,21037,47,,,1,30,,21038,47,,,1,70,,21039,47,,,1,30,,21040,47,,,1,70,,21041,47,,,1,30,,21042,47,,,1,70,,21043,47,,,1,30,,21044,47,,,1,70,,21045,47,,,1,30,,21046,47,,,1,70,,21047,47,,,1,30,,21048,47,,,1,75,,21049,47,,,1,30,,21050,47,,,1,70,,21051,47,,,1,25,,21052,47,,,1,70,,21053,47,,,1,27,,21054,47,,,1,70,,21055,47,,,1,30,,21056,47,,,1,70,,21057,47,,,1
91700,'Weekday',516,,21101,34,,,1,29,,21083,47,,,1,70,,21100,47,,,1,30,,21067,47,,,1,76,,21066,47,,,1,30,,21064,47,,,1,70,,21099,47,,,1,34,,21081,47,,,1,70,,21073,47,,,1,30,,21080,47,,,1,79,,21072,47,,,1,70,,21095,47,,,1,30,,21084,47,,,1,73,,21077,47,,,1,33,,21076,47,,,1,75,,21094,47,,,1,30,,21074,47,,,1,66,,21090,47,,,1,28,,21063,47,,,1,64,,21097,47,,,1,35,,21082,47,,,1,65,,21061,47,,,1,30,,21078,47,,,1,68,,21089,47,,,1,30,,21092,47,,,1,70,,21071,47,,,1,9,,21068,47,,,1,30,,21075,47,,,1,70,,21086,47,,,1,30,,21069,47,,,1,70,,21065,47,,,1,30,,21085,47,,,1,70,,21087,47,,,1,30,,21091,47,,,1,70,,21098,47,,,1,30,,21088,47,,,1,70,,21096,47,,,1,30,,21079,47,,,1,70,,21070,47,,,1,30,,21093,47,,,1,70,,21062,47,,,1
1400000200,'Overnight',2407,,21340,10,,,1,30,,21337,10,,,1,68,,21345,10,,,1,30,,21336,10,,,1,70,,21338,10,,,1,33,,21341,10,,,1,70,,21339,10,,,1,30,,21343,10,,,1,70,,21342,10,,,1,27,,21344,10,,,1,70,,21346,10,,,1
