40300,'SatSun',651,,18414,24,,,1,70,,18415,24,,,1,30,,18416,24,,,1,70,,18417,24,,,1,30,,18418,24,,,1,70,,18419,24,,,1,30,,18420,24,,,1,72,,18421,24,,,1,30,,18422,24,,,1,66,,18423,24,,,1,30,,18424,24,,,1,74,,18425,24,,,1,30,,18426,24,,,1,70,,18427,24,,,1,30,,18428,24,,,1,70,,18429,24,,,1,30,,18430,24,,,1,70,,18431,24,,,1,30,,18432,24,,,1,66,,18433,24,,,1,34,,18434,24,,,1,70,,18435,24,,,1,33,,18436,24,,,1,67,,18437,24,,,1,30,,18438,24,,,1,70,,18439,24,,,1,30,,18440,24,,,1,70,,18441,24,,,1,30,,18442,24,,,1,70,,18443,24,,,1,30,,18444,24,,,1
40300,'Weekday',627,,18465,24,,,1,16,,18449,11,,,1,14,,18481,24,,,1,56,,18450,11,,,1,14,,18476,24,,,1,16,,18451,11,,,1,14,,18482,24,,,1,56,,18452,11,,,1,14,,18483,24,,,1,30,,18484,24,,,1,70,,18485,24,,,1,32,,18486,24,,,1,70,,18487,24,,,1,30,,18488,24,,,1,70,,18445,24,,,1,30,,18446,24,,,1,70,,18447,24,,,1,30,,18448,24,,,1,70,,18459,24,,,1,30,,18460,24,,,1,70,,18461,24,,,1,73,,18462,24,,,1,22,,18463,24,,,1,15,,18453,11,,,1,15,,18464,24,,,1,55,,18454,11,,,1,15,,18466,24,,,1,15,,18455,11,,,1,15,,18467,24,,,1,55,,18456,11,,,1,15,,18468,24,,,1,15,,18457,11,,,1,15,,18469,24,,,1,55,,18458,11,,,1,15,,18470,24,,,1,30,,18471,24,,,1,70,,18472,24,,,1,29,,18473,24,,,1,70,,18474,24,,,1,30,,18475,24,,,1,70,,18477,24,,,1,30,,18478,24,,,1,70,,18479,24,,,1,30,,18480,24,,,1
42100,'Weekday',557,,19251,3,0,7 30,1,70,,19252,3,0,7 30,1,30,,19253,3,0,7 30,1,70,,19254,3,0,7 30,1,82,,19255,3,0,7 30,1,30,,19256,3,0,7 30,1,70,,19257,3,0,7 30,1,25,,19258,3,0,7 30,1,75,,19259,3,0,7 30,1,31,,19260,3,0,7 30,1,70,,19261,3,0,7 30,1,30,,19262,3,0,7 30,1,70,,19263,3,0,7 30,1,90,,19264,3,0,7 30,1,39,,19265,3,0,5 30,1,65,,19266,3,0,7 30,1,30,,19267,3,0,7 30,1,70,,19268,3,0,7 30,1,36,,19277,3,0,7 30,1,64,,19279,3,0,7 30,1,30,,19278,3,0,7 30,1
42101,'SatSun',955,,19280,12,0,54 22 23 13,1,70,,19281,12,0,54 22 23 13,1,75,,19282,41,0,54 22 23 13,1,30,,19283,41,0,54 22 23 13,1,70,,19284,41,0,54 22 23 13,1,30,,19285,41,0,54 22 23 13,1,70,,19286,41,0,54 22 23 13,1,30,,19287,41,0,54 22 23 13,1,70,,19288,41,0,54 22 23 13,1,30,,19289,41,0,54 22 23 13,1,70,,19290,41,0,54 22 23 13,1,30,,19291,41,0,54 22 23 13,1,70,,19292,41,0,54 22 23 13,1,30,,19293,41,0,54 22 23 13,1,70,,19294,41,0,54 22 23 13,1,30,,19295,41,0,54 22 23 13,1,70,,19296,41,0,54 22 23 13,1,30,,19297,41,0,54 22 23 13,1,70,,19298,41,0,54 22 23 13,1
42101,'Weekday',1019,,19307,38,0,7 22 9,1,30,,19308,38,0,7 22 9,1,65,,19309,38,0,7 22 9,1,35,,19310,38,0,7 22 9,1,70,,19311,38,0,7 22 9,1,30,,19312,38,0,7 22 9,1,68,,19313,38,0,7 22 9,1,28,,19314,38,0,7 22 9,1,95,,19315,38,0,7 22 9,1,73,,19316,38,0,7 22 9,1,29,,19317,38,0,7 22 9,1,70,,19318,38,0,7 22 9,1,30,,19319,38,0,7 22 9,1,74,,19320,38,0,7 22 9,1,26,,19321,38,0,7 22 9,1,73,,19322,38,0,7 22 9,1,30,,19323,38,0,7 22 9,1,74,,19324,38,0,7 22 9,1,30,,19325,38,0,7 22 9,1,70,,19326,38,0,7 22 9,1
90100,'Overnight',2258,,19892,15,,,1,70,,19891,15,,,1,618,,19890,15,0,10 16 17 13,1
90100,'SatSun',608,,19893,15,0,10 16 17 13,1,30,,19894,15,0,10 16 17 13,1,70,,19895,15,0,10 16 17 13,1,30,,19896,15,0,10 16 17 13,1,70,,19897,15,0,10 16 17 13,1,30,,19898,15,0,10 16 17 13,1,70,,19899,15,0,10 16 17 13,1,30,,19900,15,0,10 16 17 13,1,70,,19901,15,0,10 16 17 13,1,30,,19902,15,0,10 16 17 13,1,70,,19903,15,0,10 16 17 13,1,30,,19904,15,0,10 16 17 13,1,70,,19905,15,0,10 16 17 13,1,30,,19906,15,0,10 16 17 13,1,70,,19907,15,0,10 16 17 13,1,30,,19908,15,0,10 16 17 13,1,70,,19909,15,0,10 16 17 13,1,30,,19910,15,0,10 16 17 13,1,70,,19911,15,0,10 16 17 13,1,30,,19912,15,0,10 16 17 13,1,70,,19913,15,0,10 16 17 13,1,30,,19914,15,0,10 16 17 13,1,70,,19915,15,0,10 16 17 13,1,27,,19916,15,0,10 16 17 13,1,73,,19917,15,0,10 16 17 13,1,30,,19918,15,0,10 16 17 13,1,70,,19919,15,0,10 16 17 13,1,30,,19920,15,0,10 16 17 13,1,70,,19921,15,0,10 16 17 13,1,30,,19922,15,0,10 16 17 13,1,70,,19923,15,0,10 16 17 13,1,30,,19924,15,,,1,70,,19955,15,0,10 16 17 13,1,17,,19957,15,,,1
90100,'Weekday',622,,19959,15,0,10 16 17 13,1,30,,19960,15,0,10 16 17 13,1,70,,19961,15,0,10 16 17 13,1,30,,19962,15,0,10 16 17 13,1,70,,19963,15,0,10 16 17 13,1,30,,19964,15,0,10 16 17 13,1,70,,19965,15,0,10 16 17 13,1,31,,19966,15,0,10 16 17 13,1,70,,19967,15,0,10 16 17 13,1,34,,19968,15,0,10 16 17 13,1,70,,19969,15,0,10 16 17 13,1,30,,19970,15,0,10 16 17 13,1,70,,19971,15,0,10 16 17 13,1,30,,19972,15,0,10 16 17 13,1,70,,19973,15,0,10 16 17 13,1,30,,19974,15,0,10 16 17 13,1,70,,19975,15,0,10 16 17 13,1,30,,19976,15,0,10 16 17 13,1,72,,19977,15,0,10 16 17 13,1,30,,19978,15,0,10 16 17 13,1,70,,19979,15,0,10 16 17 13,1,27,,19980,15,0,10 16 17 13,1,70,,19981,15,0,10 16 17 13,1,30,,19982,15,0,10 16 17 13,1,69,,19983,15,0,10 16 17 13,1,30,,19984,15,0,10 16 17 13,1,68,,19985,15,0,10 16 17 13,1,30,,19986,15,0,10 16 17 13,1,70,,19987,15,0,10 16 17 13,1,30,,19988,15,0,10 16 17 13,1,70,,19989,15,0,10 16 17 13,1,28,,19990,15,0,10 16 17 13,1,72,,20054,15,,,1
90200,'SatSun',635,,20240,3,,,1,70,,20241,3,,,1,30,,20242,3,,,1,70,,20243,3,,,1,30,,20244,3,,,1,70,,20245,3,,,1,31,,20246,3,,,1,70,,20247,3,,,1,30,,20248,3,,,1,70,,20249,3,,,1,30,,20250,3,,,1,70,,20251,3,,,1,30,,20252,3,,,1,70,,20253,3,,,1,30,,20254,3,,,1,70,,20255,3,,,1,30,,20256,3,,,1,70,,20257,3,,,1,30,,20258,3,,,1,70,,20259,3,,,1,30,,20260,3,,,1,70,,20261,3,,,1,30,,20262,3,,,1,70,,20263,3,,,1,30,,20264,3,,,1,70,,20265,3,,,1,30,,20266,3,,,1,70,,20267,3,,,1,30,,20268,3,,,1,70,,20269,3,,,1,30,,20270,3,,,1,69,,20271,3,,,1,30,,20272,3,,,1,70,,20273,3,,,1,30,,20221,3,,,1,70,,20222,3,,,1
90200,'Weekday',604,,20276,3,,,1,20,,20277,3,,,1,20,,20278,3,,,1,60,,20279,3,,,1,20,,20280,3,,,1,20,,20281,3,,,1,60,,20282,3,,,1,20,,20283,3,,,1,20,,20284,3,,,1,60,,20285,3,,,1,20,,20286,3,,,1,20,,20287,3,,,1,60,,20288,3,,,1,20,,20289,3,,,1,20,,20290,3,,,1,60,,20291,3,,,1,20,,20292,3,,,1,20,,20293,3,,,1,60,,20294,3,,,1,20,,20295,3,,,1,20,,20296,3,,,1,60,,20297,3,,,1,20,,20298,3,,,1,20,,20299,3,,,1,60,,20300,3,,,1,20,,20301,3,,,1,20,,20302,3,,,1,60,,20303,3,,,1,20,,20304,3,,,1,20,,20305,3,,,1,60,,20306,3,,,1,20,,20307,3,,,1,20,,20308,3,,,1,60,,20309,3,,,1,20,,20310,3,,,1,20,,20311,3,,,1,60,,20312,3,,,1,20,,20313,3,,,1,20,,20314,3,,,1,60,,20315,3,,,1,30,,20316,3,,,1,70,,20317,3,,,1,30,,20318,3,,,1,70,,20319,3,,,1,30,,20320,3,,,1,70,,20321,3,,,1,30,,20322,3,,,1,70,,20323,3,,,1,30,,20274,3,,,1,70,,20275,3,,,1
91700,'SatSun',515,,21019,33,,,1,97,,21060,46,,,1,30,,21020,46,,,1,70,,21021,46,,,1,30,,21022,46,,,1,70,,21023,46,,,1,33,,21024,46,,,1,67,,21025,46,,,1,30,,21026,46,,,1,70,,21027,46,,,1,30,,21028,46,,,1,70,,21029,46,,,1,30,,21030,46,,,1,70,,21031,46,,,1,30,,21032,46,,,1,70,,21033,46,,,1,30,,21034,46,,,1,70,,21035,46,,,1,30,,21036,46,,,1,70,,21037,46,,,1,30,,21038,46,,,1,70,,21039,46,,,1,30,,21040,46,,,1,70,,21041,46,,,1,30,,21042,46,,,1,70,,21043,46,,,1,30,,21044,46,,,1,70,,21045,46,,,1,30,,21046,46,,,1,70,,21047,46,,,1,30,,21048,46,,,1,75,,21049,46,,,1,30,,21050,46,,,1,70,,21051,46,,,1,25,,21052,46,,,1,70,,21053,46,,,1,27,,21054,46,,,1,70,,21055,46,,,1,30,,21056,46,,,1,70,,21057,46,,,1
91700,'Weekday',515,,21101,33,,,1,29,,21083,46,,,1,70,,21100,46,,,1,30,,21067,46,,,1,76,,21066,46,,,1,30,,21064,46,,,1,70,,21099,46,,,1,34,,21081,46,,,1,70,,21073,46,,,1,30,,21080,46,,,1,79,,21072,46,,,1,70,,21095,46,,,1,30,,21084,46,,,1,73,,21077,46,,,1,33,,21076,46,,,1,75,,21094,46,,,1,30,,21074,46,,,1,66,,21090,46,,,1,28,,21063,46,,,1,64,,21097,46,,,1,35,,21082,46,,,1,65,,21061,46,,,1,30,,21078,46,,,1,68,,21089,46,,,1,30,,21092,46,,,1,70,,21071,46,,,1,9,,21068,46,,,1,30,,21075,46,,,1,70,,21086,46,,,1,30,,21069,46,,,1,70,,21065,46,,,1,30,,21085,46,,,1,70,,21087,46,,,1,30,,21091,46,,,1,70,,21098,46,,,1,30,,21088,46,,,1,70,,21096,46,,,1,30,,21079,46,,,1,70,,21070,46,,,1,30,,21093,46,,,1,70,,21062,46,,,1
1400000200,'Overnight',2405,,21340,9,,,1,30,,21337,9,,,1,68,,21345,9,,,1,30,,21336,9,,,1,70,,21338,9,,,1,33,,21341,9,,,1,70,,21339,9,,,1,30,,21343,9,,,1,70,,21342,9,,,1,27,,21344,9,,,1,70,,21346,9,,,1
