30200,'SatSun',711,,18098,45,,,1,30,,18099,45,,,1,70,,18100,45,,,1,30,,18101,45,,,1,70,,18102,45,,,1,30,,18103,45,,,1,70,,18104,45,,,1,30,,18105,45,,,1,70,,18106,45,,,1,30,,18107,45,,,1,70,,18108,45,,,1,30,,18109,45,,,1,70,,18110,45,,,1,30,,18111,45,,,1,70,,18112,45,,,1,30,,18113,45,,,1,70,,18114,45,,,1,30,,18115,45,,,1,70,,18116,45,,,1,30,,18117,45,,,1,70,,18118,45,,,1,30,,18119,45,,,1,70,,18120,45,,,1,30,,18121,45,,,1,70,,18122,45,,,1,30,,18123,45,,,1,70,,18124,45,,,1,30,,18125,45,,,1,70,,18126,45,,,1,30,,18127,45,,,1,70,,18128,45,,,1,30,,18129,45,,,1,80,,18130,45,,,1,20,,18131,45,,,1
30200,'Weekday',512,,18132,18,,,1,30,,18133,18,,,1,64,,18134,45,,,1,30,,18135,45,,,1,70,,18136,45,,,1,30,,18137,45,,,1,70,,18138,45,,,1,32,,18139,45,,,1,68,,18140,45,,,1,30,,18141,45,,,1,70,,18142,45,,,1,30,,18143,45,,,1,70,,18144,45,,,1,30,,18145,45,,,1,70,,18146,45,,,1,30,,18147,45,,,1,70,,18148,45,,,1,30,,18149,45,,,1,70,,18150,45,,,1,32,,18151,45,,,1,70,,18152,45,,,1,30,,18153,45,,,1,70,,18154,45,,,1,30,,18155,45,,,1,70,,18156,45,,,1,30,,18157,45,,,1,64,,18158,45,,,1,30,,18159,45,,,1,70,,18160,45,,,1,33,,18161,45,,,1,70,,18162,45,,,1,30,,18163,45,,,1,70,,18164,45,,,1,30,,18165,45,,,1,70,,18166,45,,,1,30,,18167,45,,,1,70,,18168,45,,,1,30,,18169,45,,,1
40901,'SatSun',640,,18895,1,,,1,70,,18896,1,,,1,30,,18897,1,,,1,70,,18898,1,,,1,30,,18899,1,,,1,70,,18900,1,,,1,30,,18901,1,,,1,70,,18902,1,,,1,30,,18903,1,,,1,70,,18904,1,,,1,30,,18905,1,,,1,70,,18906,1,,,1,30,,18907,1,,,1,70,,18908,1,,,1,30,,18909,1,,,1,70,,18910,1,,,1,30,,18911,1,,,1,70,,18912,1,,,1,30,,18913,1,,,1,70,,18914,1,,,1,30,,18915,1,,,1,70,,18916,1,,,1,30,,18917,1,,,1,70,,18918,1,,,1,30,,18919,1,,,1,70,,18920,1,,,1,30,,18921,1,,,1,70,,18922,1,,,1,30,,18925,1,,,1,70,,18926,1,,,1,30,,18927,1,,,1,70,,18923,1,,,1,30,,18928,1,,,1,70,,18924,1,,,1
40901,'Weekday',629,,18961,1,,,1,30,,18935,1,,,1,70,,18936,1,,,1,30,,18937,1,,,1,70,,18938,1,,,1,30,,18939,1,,,1,70,,18940,1,,,1,30,,18941,1,0,5 22 23 13,1,70,,18942,1,,,1,30,,18943,1,,,1,70,,18944,1,,,1,29,,18945,1,0,5 22 23 13,1,71,,18946,1,,,1,30,,18947,1,,,1,70,,18948,1,,,1,30,,18949,1,0,5 22 23 13,1,70,,18950,1,,,1,30,,18951,1,,,1,70,,18952,1,0,7 22 23 13,1,30,,18953,1,,,1,70,,18954,1,,,1,30,,18955,1,,,1,70,,18956,1,,,1,30,,18957,1,,,1,70,,18958,1,,,1,30,,18959,1,,,1,70,,18960,1,,,1,30,,18929,1,,,1,70,,18930,1,,,1,30,,18931,1,,,1,70,,18932,1,,,1,30,,18933,1,,,1,83,,18934,1,,,1
41901,'SatSun',640,,19165,13,4,,1,70,,19166,13,4,,1,30,,19167,18,4,,1,70,,19168,18,4,,1,30,,19169,18,4,,1,70,,19170,18,4,,1,30,,19171,18,4,,1,70,,19172,18,4,,1,30,,19173,18,4,,1,70,,19174,18,4,,1,30,,19175,18,4,,1,70,,19176,18,4,,1,30,,19177,18,4,,1,70,,19178,18,4,,1,30,,19179,18,4,,1,70,,19180,18,4,,1,30,,19181,18,4,,1,70,,19182,18,4,,1,30,,19183,18,4,,1,70,,19184,18,4,,1,30,,19185,18,4,,1,70,,19186,18,4,,1,30,,19187,18,4,,1,70,,19188,18,4,,1,30,,19189,18,4,,1,70,,19190,18,4,,1,30,,19191,18,4,,1,70,,19192,18,4,,1,30,,19193,18,4,,1,70,,19194,18,4,,1,30,,19195,18,4,,1,70,,19196,18,4,,1,30,,19197,18,4,,1,70,,19198,18,4,,1
41901,'Weekday',623,,19223,13,4,,1,34,,19204,18,4,,1,70,,19224,18,4,,1,30,,19205,18,4,,1,70,,19225,18,4,,1,30,,19206,18,4,,1,70,,19207,18,4,,1,30,,19226,18,4,,1,70,,19208,18,4,,1,30,,19209,18,4,,1,70,,19227,18,4,,1,30,,19210,18,4,,1,70,,19211,18,4,,1,30,,19212,18,4,,1,70,,19228,18,4,,1,30,,19213,18,4,,1,70,,19214,18,4,,1,30,,19215,18,4,,1,70,,19216,18,4,,1,30,,19229,18,4,,1,70,,19217,18,4,,1,30,,19218,18,4,,1,70,,19230,18,4,,1,30,,19219,18,4,,1,70,,19220,18,4,,1,30,,19231,18,4,,1,70,,19221,18,4,,1,30,,19222,18,4,,1,70,,19199,18,4,,1,30,,19200,18,4,,1,70,,19201,18,4,,1,30,,19202,18,4,,1,85,,19203,18,4,,1
61801,'Weekday',1054,,19582,34,0,10 53,1,168,,19589,34,0,10 53,1,579,,19584,34,0,7 44,1,129,,19585,34,0,7 44,1,186,,19586,34,0,10 53,1
90100,'Overnight',2326,,19892,42,4,,1,30,,19891,42,4,,1
90100,'SatSun',2209,,19924,42,4,,1,44,,19957,42,4,,1
90100,'Weekday',2251,,20054,42,4,,1
90101,'SatSun',2211,,20091,1,0,7 24 25,1,41,,20124,1,0,7 24 25,1
90101,'Weekday',2252,,20220,1,0,7 24 25,1
90501,'SatSun',645,,20541,38,,,1,170,,20542,38,,,1,130,,20543,38,,,1,170,,20544,38,,,1,130,,20545,38,,,1,170,,20546,38,,,1,130,,20547,38,,,1,170,,20548,38,,,1,130,,20549,38,,,1,170,,20550,38,,,1,185,,20551,38,,,1
90501,'Weekday',631,,20579,38,,,1,170,,20580,38,,,1,130,,20581,38,,,1,126,,20582,38,,,1,170,,20583,38,,,1,177,,20584,38,,,1,129,,20585,38,,,1,174,,20586,38,,,1,130,,20587,38,,,1,170,,20588,38,,,1,130,,20589,38,,,1,119,,20614,38,,,1
1400000200,'Overnight',2431,,21340,36,4,,1,70,,21337,36,4,,1,28,,21345,36,4,,1,30,,21336,36,4,,1,70,,21338,36,4,,1,73,,21341,36,4,,1,30,,21339,36,4,,1,70,,21343,36,4,,1,30,,21342,36,4,,1,27,,21344,36,4,,1,70,,21346,36,4,,1
1400000201,'Overnight',2330,,21347,1,,,1,70,,21353,1,,,1,31,,21352,1,,,1,70,,21348,1,,,1,28,,21349,1,,,1,30,,21350,1,,,1,70,,21351,1,,,1,73,,21356,1,,,1,30,,21357,1,,,1,70,,21358,1,,,1,30,,21359,1,,,1,27,,21360,1,,,1,70,,21361,1,,,1
