30201,'SatSun',552,,18179,5,,,1,70,,18180,5,,,1,30,,18181,5,,,1,70,,18182,5,,,1,30,,18183,5,,,1,70,,18184,5,,,1,30,,18185,5,,,1,70,,18186,5,,,1,30,,18195,5,,,1,70,,18196,5,,,1,30,,18197,5,,,1,70,,18198,5,,,1,30,,18199,5,,,1,70,,18200,5,,,1,30,,18201,5,,,1,70,,18202,5,,,1,30,,18203,5,,,1,70,,18204,5,,,1,30,,18205,5,,,1,70,,18206,5,,,1,30,,18207,5,,,1,70,,18208,5,,,1,30,,18209,5,,,1,70,,18210,5,,,1,30,,18211,5,,,1,70,,18187,5,,,1,30,,18188,5,,,1,70,,18189,5,,,1,30,,18190,5,,,1,70,,18191,5,,,1,30,,18192,5,,,1,70,,18193,5,,,1,30,,18194,5,,,1
30201,'Weekday',417,,18212,5,,,1,32,,18213,5,,,1,75,,18214,5,,,1,30,,18215,5,,,1,70,,18216,5,,,1,30,,18217,5,,,1,70,,18218,5,,,1,30,,18219,5,,,1,70,,18220,5,,,1,30,,18221,5,,,1,67,,18222,5,,,1,30,,18223,5,,,1,70,,18224,5,,,1,30,,18225,5,,,1,70,,18226,5,,,1,30,,18227,5,,,1,70,,18228,5,,,1,29,,18229,5,,,1,70,,18230,5,,,1,30,,18231,5,,,1,70,,18232,5,,,1,34,,18233,5,,,1,70,,18234,5,,,1,30,,18235,5,,,1,70,,18236,5,,,1,30,,18237,5,,,1,70,,18238,5,,,1,30,,18239,5,,,1,66,,18240,5,,,1,30,,18241,5,,,1,70,,18242,5,,,1,34,,18243,5,,,1,66,,18244,5,,,1,30,,18245,5,,,1,70,,18246,5,,,1,30,,18247,5,,,1
40900,'SatSun',718,,18830,24,,,1,30,,18831,24,,,1,70,,18832,24,,,1,30,,18833,24,,,1,70,,18834,24,,,1,30,,18835,24,,,1,70,,18836,24,,,1,30,,18837,24,,,1,70,,18838,24,,,1,30,,18839,24,,,1,70,,18840,24,,,1,30,,18841,24,,,1,70,,18842,24,,,1,30,,18843,24,,,1,70,,18844,24,,,1,30,,18845,24,,,1,70,,18846,24,,,1,30,,18847,24,,,1,70,,18848,24,,,1,30,,18849,24,,,1,70,,18850,24,,,1,30,,18851,24,,,1,70,,18852,24,,,1,30,,18853,24,,,1,70,,18854,24,,,1,30,,18855,24,,,1,70,,18858,24,,,1,30,,18859,24,,,1,70,,18860,24,,,1,30,,18861,24,,,1,70,,18856,24,,,1,30,,18862,24,,,1,70,,18857,24,,,1
40900,'Weekday',658,,18869,24,,,1,70,,18870,24,,,1,72,,18871,24,,,1,30,,18872,24,,,1,70,,18873,24,,,1,30,,18874,24,,,1,28,,18875,24,,,1,72,,18876,31,0,5 20 21,1,28,,18877,24,,,1,70,,18878,24,,,1,30,,18879,24,,,1,72,,18880,31,0,5 20 21,1,28,,18881,24,,,1,70,,18882,24,,,1,30,,18883,24,,,1,72,,18884,31,0,5 20 21,1,70,,18885,24,,,1,30,,18886,24,,,1,70,,18887,24,,,1,33,,18888,31,0,5 20 21,1,67,,18889,24,,,1,30,,18890,24,,,1,70,,18891,24,,,1,30,,18892,24,,,1,70,,18893,24,,,1,30,,18894,24,,,1,70,,18863,24,,,1,30,,18864,24,,,1,70,,18865,24,,,1,30,,18866,24,,,1,70,,18867,24,,,1,42,,18868,24,,,1
61800,'Weekday',1111,,19577,5,,,1,130,,19578,5,,,1,484,,19579,21,,,1,130,,19580,21,,,1
90100,'Overnight',2323,,19892,40,,,1,30,,19891,40,,,1
90100,'SatSun',2206,,19924,40,,,1,44,,19957,40,,,1
90100,'Weekday',2248,,20054,40,,,1
90500,'SatSun',640,,20442,42,0,5 19,1,70,,20454,42,0,7 20 21,1,30,,20455,42,0,7 20 21,1,70,,20443,42,0,5 19,1,30,,20456,42,0,7 20 21,1,70,,20457,42,0,7 20 21,1,31,,20444,42,0,5 19,1,70,,20458,42,0,7 20 21,1,30,,20459,42,0,7 20 21,1,70,,20445,42,0,5 19,1,30,,20460,42,0,7 20 21,1,70,,20461,42,0,7 20 21,1,30,,20446,42,0,5 19,1,70,,20462,42,0,7 20 21,1,30,,20463,42,0,7 20 21,1,70,,20447,42,0,5 19,1,30,,20464,42,0,7 20 21,1,70,,20465,42,0,7 20 21,1,30,,20448,42,0,5 19,1,70,,20466,42,0,7 20 21,1,30,,20467,42,0,7 20 21,1,69,,20449,42,0,5 19,1,30,,20468,42,0,7 20 21,1,70,,20469,42,0,7 20 21,1,30,,20450,42,0,5 19,1,70,,20470,42,0,7 20 21,1,30,,20471,42,0,7 20 21,1,70,,20451,42,0,5 19,1,30,,20472,42,0,7 20 21,1,70,,20473,42,0,7 20 21,1,30,,20452,42,0,5 19,1,70,,20474,42,0,7 20 21,1,30,,20475,42,0,7 20 21,1,70,,20453,42,0,5 19,1,42,,20476,42,0,7 20 21,1,58,,20477,42,0,7 20 21,1,30,,20478,42,0,7 20 21,1
90500,'Weekday',452,,20537,32,0,54 20 21,1,169,,20502,42,0,5 19,1,31,,20479,42,0,7 20 21,1,70,,20480,42,0,7 20 21,1,15,,20514,32,0,54 20 21,1,14,,20503,42,0,5 19,1,56,,20515,32,0,54 20 21,1,15,,20481,42,0,7 20 21,1,15,,20516,32,0,54 20 21,1,15,,20482,42,0,7 20 21,1,55,,20517,32,0,54 20 21,1,15,,20504,42,0,5 19,1,15,,20518,32,0,54 20 21,1,15,,20483,42,0,7 20 21,1,55,,20519,32,0,54 20 21,1,15,,20484,42,0,7 20 21,1,15,,20520,32,0,54 20 21,1,15,,20505,42,0,5 19,1,55,,20521,32,0,54 20 21,1,15,,20485,42,0,7 20 21,1,15,,20522,32,0,54 20 21,1,15,,20486,42,0,7 20 21,1,55,,20523,32,0,54 20 21,1,15,,20506,42,0,5 19,1,14,,20524,32,0,54 20 21,1,14,,20487,42,0,7 20 21,1,56,,20525,32,0,54 20 21,1,14,,20488,42,0,7 20 21,1,16,,20526,32,0,54 20 21,1,23,,20507,42,0,5 19,1,54,,20527,32,0,54 20 21,1,15,,20489,42,0,7 20 21,1,15,,20528,32,0,54 20 21,1,15,,20490,42,0,7 20 21,1,55,,20529,32,0,54 20 21,1,19,,20508,42,0,5 19,1,15,,20530,32,0,54 20 21,1,55,,20491,42,0,7 20 21,1,15,,20531,32,0,54 20 21,1,15,,20492,42,0,7 20 21,1,15,,20532,32,0,54 20 21,1,55,,20509,42,0,5 19,1,15,,20533,32,0,54 20 21,1,15,,20493,42,0,7 20 21,1,15,,20534,32,0,54 20 21,1,55,,20494,42,0,7 20 21,1,15,,20535,32,0,54 20 21,1,15,,20510,42,0,5 19,1,13,,20536,32,0,54 20 21,1,57,,20495,42,0,7 20 21,1,30,,20496,42,0,7 20 21,1,70,,20511,42,0,5 19,1,30,,20497,42,0,7 20 21,1,70,,20498,42,0,7 20 21,1,25,,20512,42,0,5 19,1,75,,20499,42,0,7 20 21,1,30,,20500,42,0,7 20 21,1,25,,20513,42,0,5 19,1,75,,20501,42,0,7 20 21,1,70,,20538,42,0,7 20 21,1,30,,20539,32,0,54 20 21,1,70,,20540,42,0,7 20 21,1
1400000200,'Overnight',2428,,21340,34,,,1,30,,21337,34,,,1,68,,21345,34,,,1,30,,21336,34,,,1,70,,21338,34,,,1,33,,21341,34,,,1,70,,21339,34,,,1,30,,21343,34,,,1,70,,21342,34,,,1,27,,21344,34,,,1,70,,21346,34,,,1
