11200,'SatSun',718,,17286,1,0,10 47,1,30,,17300,1,0,10 47,1,70,,17287,1,0,10 47,1,30,,17301,1,0,10 47,1,70,,17288,1,0,10 47,1,30,,17302,1,0,10 47,1,70,,17289,1,0,10 47,1,30,,17303,1,0,10 47,1,70,,17290,1,0,10 47,1,30,,17304,1,0,10 47,1,70,,17291,1,0,10 47,1,30,,17305,1,0,10 47,1,70,,17292,1,0,10 47,1,30,,17306,1,0,10 47,1,70,,17293,1,0,10 47,1,30,,17307,1,0,10 47,1,70,,17294,1,0,10 47,1,30,,17308,1,0,10 47,1,70,,17295,1,0,10 47,1,30,,17309,1,0,10 47,1,70,,17296,1,0,10 47,1,30,,17310,1,0,10 47,1,70,,17297,1,0,10 47,1,30,,17311,1,0,10 47,1,70,,17298,1,0,10 47,1,30,,17312,1,0,10 47,1,70,,17299,1,0,10 47,1,30,,17313,1,0,10 47,1
11200,'Weekday',628,,17314,1,,,1,30,,17315,1,,,1,70,,17316,1,,,1,30,,17317,1,,,1,74,,17318,1,,,1,70,,17319,1,,,1,30,,17320,1,,,1,70,,17321,1,,,1,30,,17322,1,,,1,70,,17323,1,,,1,26,,17324,1,,,1,30,,17325,1,,,1,55,,17326,1,,,1,30,,17327,1,,,1,70,,17328,1,,,1,30,,17329,1,,,1,70,,17330,1,,,1,30,,17331,1,,,1,70,,17332,1,,,1,30,,17333,1,,,1,71,,17334,1,,,1,30,,17335,1,,,1,73,,17336,1,,,1,30,,17337,1,,,1,70,,17338,1,,,1,27,,17339,1,,,1,70,,17340,1,,,1
11201,'SatSun',810,,17341,21,4,,1,30,,17355,21,4,,1,70,,17342,21,4,,1,30,,17356,21,4,,1,70,,17343,21,4,,1,30,,17357,21,4,,1,70,,17344,21,4,,1,30,,17358,21,4,,1,70,,17345,21,4,,1,30,,17359,21,4,,1,70,,17346,21,4,,1,30,,17360,21,4,,1,70,,17347,21,4,,1,30,,17361,21,4,,1,70,,17348,21,4,,1,30,,17362,21,4,,1,70,,17349,21,4,,1,30,,17363,21,4,,1,70,,17350,21,4,,1,30,,17364,21,4,,1,70,,17351,21,4,,1,30,,17365,21,4,,1,70,,17352,21,4,,1,30,,17366,21,4,,1,70,,17353,21,4,,1,30,,17367,21,4,,1,70,,17354,21,4,,1,30,,17368,21,4,,1
11201,'Weekday',616,,17369,28,4,,1,25,,17370,28,4,,1,70,,17371,28,4,,1,30,,17372,28,4,,1,76,,17373,28,4,,1,30,,17374,28,4,,1,70,,17375,28,4,,1,30,,17376,28,4,,1,70,,17377,28,4,,1,30,,17378,28,4,,1,70,,17379,28,4,,1,30,,17380,28,4,,1,65,,17381,28,4,,1,30,,17382,28,4,,1,70,,17383,28,4,,1,30,,17384,28,4,,1,70,,17397,28,4,,1,28,,17385,28,4,,1,70,,17386,28,4,,1,30,,17387,28,4,,1,70,,17388,28,4,,1,30,,17389,28,4,,1,72,,17390,28,4,,1,30,,17391,28,4,,1,70,,17392,28,4,,1,28,,17393,28,4,,1,70,,17394,28,4,,1,27,,17395,28,4,,1,72,,17396,28,4,,1
11800,'SatSun',724,,17398,1,,,1,30,,17399,1,,,1,70,,17400,1,,,1,30,,17401,1,,,1,70,,17402,1,,,1,30,,17403,1,,,1,70,,17404,1,,,1,30,,17405,1,,,1,70,,17406,1,,,1,30,,17407,1,,,1,70,,17408,1,,,1,30,,17409,1,,,1,63,,17410,1,,,1,30,,17411,1,,,1,70,,17412,1,,,1,30,,17413,1,,,1,70,,17414,1,,,1,30,,17415,1,,,1,70,,17416,1,,,1,30,,17417,1,,,1,70,,17418,1,,,1,30,,17419,1,,,1,70,,17420,1,,,1,30,,17421,1,,,1,70,,17422,1,,,1
11800,'Weekday',628,,17423,1,,,1,30,,17424,1,,,1,70,,17425,1,,,1,26,,17426,1,,,1,70,,17427,1,,,1,30,,17428,1,,,1,70,,17429,1,,,1,30,,17430,1,,,1,70,,17431,1,,,1,30,,17432,1,,,1,70,,17433,1,,,1,30,,17434,1,,,1,59,,17435,1,,,1,30,,17436,1,,,1,70,,17437,1,,,1,30,,17438,1,,,1,72,,17439,1,,,1,30,,17440,1,,,1,70,,17441,1,,,1,30,,17442,1,,,1,70,,17443,1,,,1,30,,17444,1,,,1,72,,17445,1,,,1,30,,17446,1,,,1,70,,17447,1,,,1,27,,17448,1,,,1,70,,17449,1,,,1
11801,'SatSun',810,,17450,17,4,,1,30,,17451,17,4,,1,70,,17452,17,4,,1,30,,17453,17,4,,1,70,,17454,17,4,,1,30,,17455,17,4,,1,70,,17456,17,4,,1,30,,17457,17,4,,1,70,,17458,17,4,,1,30,,17459,17,4,,1,70,,17460,17,4,,1,30,,17461,17,4,,1,70,,17462,17,4,,1,19,,17463,17,4,,1,30,,17464,17,4,,1,70,,17465,17,4,,1,30,,17466,17,4,,1,70,,17467,17,4,,1,30,,17468,17,4,,1,70,,17469,17,4,,1,30,,17470,17,4,,1,70,,17471,17,4,,1,30,,17472,17,4,,1,70,,17473,17,4,,1,30,,17474,17,4,,1
11801,'Weekday',621,,17475,17,4,,1,25,,17476,17,4,,1,70,,17477,17,4,,1,25,,17478,17,4,,1,70,,17479,17,4,,1,36,,17480,17,4,,1,70,,17481,17,4,,1,30,,17482,17,4,,1,84,,17483,17,4,,1,16,,17484,17,4,,1,70,,17485,17,4,,1,30,,17486,17,4,,1,61,,17487,17,4,,1,30,,17488,17,4,,1,70,,17489,17,4,,1,30,,17490,17,4,,1,70,,17491,17,4,,1,22,,17492,17,4,,1,70,,17493,17,4,,1,30,,17494,17,4,,1,70,,17495,17,4,,1,30,,17496,17,4,,1,70,,17497,17,4,,1,30,,17498,17,4,,1,70,,17499,17,4,,1,30,,17500,17,4,,1,70,,17501,17,4,,1,30,,17502,17,4,,1,25,,17503,17,4,,1
12100,'SatSun',719,,17504,35,4,,1,28,,17505,35,4,,1,70,,17506,35,4,,1,30,,17507,35,4,,1,70,,17508,35,4,,1,30,,17509,35,4,,1,70,,17510,35,4,,1,30,,17511,35,4,,1,70,,17512,35,4,,1,30,,17513,35,4,,1,70,,17514,35,4,,1,33,,17515,35,4,,1,70,,17516,35,4,,1,30,,17517,35,4,,1,70,,17518,35,4,,1,30,,17519,35,4,,1,70,,17520,35,4,,1,30,,17521,35,4,,1,70,,17522,35,4,,1,30,,17523,35,4,,1,70,,17524,35,4,,1,30,,17525,35,4,,1,70,,17526,35,4,,1,30,,17527,35,4,,1,70,,17528,35,4,,1,30,,17529,35,4,,1,70,,17530,35,4,,1,30,,17531,35,4,,1,70,,17532,35,4,,1,30,,17533,35,4,,1,70,,17534,35,4,,1,30,,17535,35,4,,1,70,,17536,35,4,,1,30,,17537,35,4,,1,70,,17538,35,4,,1,30,,17539,35,4,,1
12100,'Weekday',502,,17579,35,4,,1,35,,17547,35,4,,1,88,,17548,35,4,,1,75,,17549,35,4,,1,33,,17550,35,4,,1,70,,17551,35,4,,1,30,,17552,35,4,,1,70,,17553,35,4,,1,30,,17554,35,4,,1,67,,17555,35,4,,1,30,,17556,35,4,,1,70,,17557,35,4,,1,27,,17558,35,4,,1,30,,17559,35,4,,1,66,,17560,35,4,,1,23,,17561,35,4,,1,70,,17562,35,4,,1,30,,17563,35,4,,1,70,,17564,35,4,,1,33,,17565,35,4,,1,70,,17566,35,4,,1,33,,17567,36,4,,1,70,,17568,36,4,,1,30,,17569,36,4,,1,70,,17570,36,4,,1,30,,17571,36,4,,1,70,,17572,36,4,,1,27,,17573,35,4,,1,70,,17574,35,4,,1,25,,17575,35,4,,1,70,,17576,35,4,,1,30,,17577,35,4,,1,70,,17578,35,4,,1,30,,17546,35,4,,1,70,,17540,35,4,,1,30,,17541,35,4,,1,70,,17542,35,4,,1,30,,17543,35,4,,1,70,,17544,35,4,,1,30,,17545,35,4,,1
12101,'SatSun',709,,17580,1,,,1,30,,17581,1,,,1,70,,17582,1,,,1,30,,17583,1,,,1,70,,17584,1,,,1,30,,17585,1,,,1,70,,17586,1,,,1,30,,17587,1,,,1,70,,17588,1,,,1,33,,17589,1,,,1,70,,17590,1,,,1,30,,17591,1,,,1,70,,17592,1,,,1,30,,17593,1,,,1,70,,17594,1,,,1,30,,17595,1,,,1,70,,17596,1,,,1,30,,17597,1,,,1,70,,17598,1,,,1,30,,17599,1,,,1,70,,17600,1,,,1,30,,17601,1,,,1,70,,17602,1,,,1,30,,17603,1,,,1,70,,17604,1,,,1,30,,17605,1,,,1,70,,17606,1,,,1,30,,17607,1,,,1,70,,17608,1,,,1,30,,17609,1,,,1,70,,17610,1,,,1,30,,17611,1,,,1,70,,17612,1,,,1,30,,17613,1,,,1,70,,17614,1,,,1
12101,'Weekday',507,,17620,1,,,1,35,,17621,1,,,1,67,,17624,1,0,7 11 9,1,27,,17625,1,0,7 11 9,1,70,,17626,1,0,7 11 9,1,30,,17627,1,0,7 11 9,1,70,,17628,1,0,7 11 9,1,30,,17629,1,0,7 11 9,1,75,,17630,1,0,7 11 9,1,31,,17631,1,,,1,70,,17632,1,,,1,30,,17633,1,,,1,63,,17653,1,,,1,25,,17634,1,,,1,70,,17635,1,,,1,25,,17636,1,,,1,30,,17637,1,,,1,70,,17638,1,,,1,30,,17639,1,,,1,70,,17640,1,,,1,30,,17641,1,,,1,70,,17642,1,,,1,30,,17643,1,,,1,70,,17644,1,,,1,30,,17645,1,,,1,70,,17646,1,,,1,30,,17647,1,,,1,70,,17648,1,,,1,30,,17649,1,,,1,70,,17650,1,,,1,30,,17651,1,,,1,70,,17652,1,,,1,30,,17622,1,,,1,70,,17615,1,,,1,30,,17623,1,,,1,70,,17616,1,,,1,30,,17617,1,,,1,70,,17618,1,,,1,75,,17619,1,,,1
21100,'Weekday',618,,17654,1,,,1,30,,17655,1,,,1,70,,17656,1,,,1,30,,17657,1,,,1,70,,17658,1,,,1,30,,17659,1,,,1,567,,17665,1,,,1,229,,17660,1,,,1,70,,17661,1,,,1,30,,17662,1,,,1,70,,17663,1,,,1,30,,17664,1,,,1
21101,'Weekday',614,,17666,28,4,,1,30,,17667,28,4,,1,70,,17668,28,4,,1,30,,17669,28,4,,1,70,,17670,28,4,,1,30,,17671,28,4,,1,70,,17672,28,4,,1,514,,17679,28,4,,1,214,,17673,28,4,,1,70,,17674,28,4,,1,30,,17675,28,4,,1,70,,17676,28,4,,1,30,,17677,28,4,,1
90000,'SatSun',715,,19626,1,,,1,33,,19627,1,,,1,62,,19628,1,,,1,18,,19629,1,,,1,30,,19630,1,,,1,70,,19631,1,,,1,30,,19632,1,,,1,60,,19633,1,,,1,28,,19634,1,,,1,70,,19635,1,,,1,30,,19636,1,,,1,75,,19637,1,,,1,84,,19638,1,,,1,16,,19639,1,,,1,30,,19640,1,,,1,65,,19641,1,,,1,30,,19642,1,,,1,70,,19643,1,,,1,30,,19644,1,,,1,75,,19645,1,,,1,25,,19646,1,,,1,70,,19647,1,,,1,15,,19648,1,,,1,22,,19649,1,,,1,70,,19650,1,,,1,90,,19651,1,,,1,30,,19652,1,,,1,87,,19653,1,,,1,70,,19654,1,,,1,30,,19655,1,,,1
90000,'Weekday',550,,19702,1,,,1,57,,19737,1,,,1,24,,19703,1,,,1,24,,19704,1,,,1,71,,19705,1,,,1,17,,19706,1,,,1,64,,19707,1,,,1,24,,19708,1,,,1,24,,19709,1,,,1,64,,19710,1,,,1,32,,19711,1,,,1,59,,19712,1,,,1,24,,19713,1,,,1,24,,19714,1,,,1,64,,19715,1,,,1,24,,19716,1,,,1,68,,19717,1,,,1,24,,19718,1,,,1,20,,19719,1,,,1,64,,19720,1,,,1,25,,19721,1,,,1,64,,19722,1,,,1,24,,19723,1,,,1,24,,19724,1,,,1,64,,19725,1,,,1,24,,19726,1,,,1,64,,19727,1,,,1,24,,19728,1,,,1,24,,19729,1,,,1,64,,19730,1,,,1,24,,19731,1,,,1,64,,19664,1,,,1,24,,19732,1,,,1,24,,19733,1,,,1,64,,19734,1,,,1,24,,19665,1,,,1,64,,19735,1,,,1,24,,19736,1,,,1
90001,'SatSun',712,,19777,45,4,,1,35,,19778,45,4,,1,61,,19779,45,4,,1,30,,19780,45,4,,1,70,,19781,45,4,,1,44,,19782,45,4,,1,70,,19783,45,4,,1,22,,19784,45,4,,1,68,,19785,45,4,,1,30,,19786,45,4,,1,75,,19787,45,4,,1,30,,19788,45,4,,1,70,,19789,45,4,,1,30,,19790,45,4,,1,65,,19791,45,4,,1,30,,19792,45,4,,1,72,,19793,45,4,,1,28,,19794,45,4,,1,70,,19795,45,4,,1,15,,19796,45,4,,1,25,,19797,45,4,,1,70,,19798,45,4,,1,30,,19799,45,4,,1,70,,19800,45,4,,1,30,,19801,45,4,,1,64,,19802,45,4,,1,30,,19803,45,4,,1,70,,19804,45,4,,1,29,,19805,45,4,,1,70,,19806,45,4,,1
90001,'Weekday',649,,19853,45,4,,1,64,,19854,45,4,,1,24,,19855,45,4,,1,64,,19856,45,4,,1,24,,19808,45,4,,1,24,,19857,45,4,,1,70,,19858,45,4,,1,24,,19859,45,4,,1,64,,19860,45,4,,1,24,,19861,45,4,,1,24,,19862,45,4,,1,64,,19863,45,4,,1,24,,19864,45,4,,1,58,,19865,45,4,,1,24,,19866,45,4,,1,24,,19867,45,4,,1,64,,19868,45,4,,1,24,,19869,45,4,,1,64,,19870,45,4,,1,24,,19871,45,4,,1,24,,19872,45,4,,1,64,,19873,45,4,,1,24,,19874,45,4,,1,64,,19875,45,4,,1,24,,19876,45,4,,1,24,,19877,45,4,,1,64,,19878,45,4,,1,24,,19879,45,4,,1,64,,19880,45,4,,1,24,,19881,45,4,,1,24,,19889,45,4,,1,58,,19882,45,4,,1,24,,19883,45,4,,1,24,,19884,45,4,,1,64,,19885,45,4,,1,24,,19886,45,4,,1,64,,19816,45,4,,1,24,,19887,45,4,,1
91600,'SatSun',518,,20832,1,,,1,30,,20833,1,,,1,77,,20834,1,,,1,30,,20835,1,,,1,73,,20836,1,,,1,30,,20837,1,,,1,70,,20838,1,,,1,25,,20839,1,,,1,65,,20840,1,,,1,30,,20841,1,,,1,70,,20842,1,,,1,38,,20843,1,,,1,70,,20844,1,,,1,30,,20845,1,,,1,65,,20846,1,,,1,35,,20847,1,,,1,70,,20848,1,,,1,30,,20849,1,,,1,70,,20850,1,,,1,30,,20851,1,,,1,70,,20852,1,,,1,33,,20853,1,,,1,70,,20854,1,,,1,30,,20855,1,,,1,70,,20856,1,,,1,30,,20857,1,,,1,70,,20858,1,,,1,30,,20859,1,,,1,66,,20860,1,,,1,30,,20861,1,,,1,70,,20862,1,,,1,30,,20863,1,,,1,80,,20864,1,,,1,70,,20865,1,,,1,30,,20866,1,,,1,70,,20867,1,,,1,30,,20868,1,,,1,70,,20869,1,,,1
91600,'Weekday',412,,20873,1,,,1,30,,20874,1,,,1,70,,20875,1,,,1,30,,20876,1,,,1,70,,20877,1,,,1,20,,20878,1,,,1,20,,20879,1,,,1,60,,20880,1,,,1,20,,20881,1,,,1,20,,20882,1,,,1,60,,20883,1,,,1,20,,20884,1,,,1,20,,20885,1,,,1,60,,20886,1,,,1,20,,20887,1,,,1,20,,20888,1,,,1,60,,20889,1,,,1,20,,20890,1,,,1,20,,20891,1,,,1,60,,20892,1,,,1,20,,20893,1,,,1,20,,20894,1,,,1,60,,20895,1,,,1,20,,20896,1,,,1,20,,20897,1,,,1,60,,20898,1,,,1,20,,20899,1,,,1,20,,20900,1,,,1,60,,20901,1,,,1,20,,20902,1,,,1,20,,20903,1,,,1,62,,20904,1,,,1,18,,20905,1,,,1,20,,20906,1,,,1,60,,20907,1,,,1,20,,20908,1,,,1,25,,20909,1,,,1,60,,20910,1,,,1,20,,20911,1,,,1,20,,20912,1,,,1,60,,20913,1,,,1,20,,20914,1,,,1,20,,20915,1,,,1,65,,20916,1,,,1,25,,20917,1,,,1,70,,20918,1,,,1,30,,20919,1,,,1,70,,20920,1,,,1,30,,20921,1,,,1,70,,20870,1,,,1,30,,20871,1,,,1,70,,20872,1,,,1,30,,20923,1,,,1,70,,20924,1,,,1
91601,'SatSun',516,,20925,63,4,,1,19,,20926,63,4,,1,77,,20927,63,4,,1,30,,20928,63,4,,1,65,,20929,63,4,,1,25,,20930,63,4,,1,70,,20931,63,4,,1,30,,20932,63,4,,1,72,,20933,63,4,,1,30,,20934,63,4,,1,70,,20935,63,4,,1,30,,20936,63,4,,1,25,,20937,63,4,,1,75,,20938,63,4,,1,70,,20939,63,4,,1,30,,20940,63,4,,1,70,,20941,63,4,,1,30,,20942,63,4,,1,70,,20943,63,4,,1,33,,20944,63,4,,1,70,,20945,63,4,,1,30,,20946,63,4,,1,70,,20947,63,4,,1,30,,20948,63,4,,1,70,,20949,63,4,,1,30,,20950,63,4,,1,72,,20951,63,4,,1,30,,20952,63,4,,1,70,,20953,63,4,,1,30,,20954,63,4,,1,70,,20955,63,4,,1,26,,20956,63,4,,1,68,,20957,63,4,,1,27,,20958,63,4,,1,70,,20959,63,4,,1,30,,20960,63,4,,1,25,,20961,63,4,,1,70,,20962,63,4,,1,27,,20963,63,4,,1,70,,20964,63,4,,1,31,,20965,63,4,,1
91601,'Weekday',519,,20967,63,4,,1,16,,20966,63,4,,1,76,,20968,63,4,,1,28,,20969,63,4,,1,76,,20970,63,4,,1,30,,20971,63,4,,1,75,,20972,63,4,,1,20,,20973,63,4,,1,60,,20974,63,4,,1,20,,20975,63,4,,1,20,,20976,63,4,,1,60,,20977,63,4,,1,16,,20978,63,4,,1,20,,20979,63,4,,1,20,,20980,63,4,,1,60,,20981,63,4,,1,20,,20982,63,4,,1,20,,20983,63,4,,1,60,,20984,63,4,,1,20,,20985,63,4,,1,20,,20986,63,4,,1,60,,20987,63,4,,1,20,,20988,63,4,,1,20,,20989,63,4,,1,60,,20990,63,4,,1,20,,20991,63,4,,1,20,,20992,63,4,,1,66,,20993,63,4,,1,20,,20994,63,4,,1,60,,20995,63,4,,1,20,,20996,63,4,,1,25,,20997,63,4,,1,60,,20998,63,4,,1,20,,20999,63,4,,1,20,,21000,63,4,,1,60,,21001,63,4,,1,23,,21002,63,4,,1,20,,21003,63,4,,1,56,,21004,63,4,,1,22,,21005,63,4,,1,18,,21006,63,4,,1,62,,21007,63,4,,1,20,,21008,63,4,,1,12,,21009,63,4,,1,19,,21010,63,4,,1,61,,21011,63,4,,1,25,,21012,63,4,,1,70,,21013,63,4,,1,30,,21014,63,4,,1,70,,21015,63,4,,1,27,,21016,63,4,,1,70,,21017,63,4,,1,34,,21018,63,4,,1
92000,'Weekday',640,,21195,1,,,1,63,,21196,1,,,1,20,,21197,1,,,1,20,,21225,1,,,1,60,,21198,1,,,1,20,,21199,1,,,1,20,,21226,1,,,1,67,,21200,1,,,1,736,,21227,1,,,1,74,,21201,1,,,1,26,,21228,1,,,1,70,,21202,1,,,1,30,,21229,1,,,1,67,,21230,1,,,1
92001,'Weekday',605,,21247,46,4,,1,28,,21248,46,4,,1,74,,21237,46,4,,1,30,,21272,46,4,,1,63,,21238,46,4,,1,35,,21239,46,4,,1,70,,21240,46,4,,1,30,,21241,46,4,,1,782,,21242,46,4,,1,20,,21273,46,4,,1,20,,21243,46,4,,1,60,,21244,46,4,,1,20,,21274,46,4,,1,20,,21245,46,4,,1,70,,21275,46,4,,1
