30201,'SatSun',550,,18179,2,,,1,70,,18180,2,,,1,30,,18181,2,,,1,70,,18182,2,,,1,30,,18183,2,,,1,70,,18184,2,,,1,30,,18185,2,,,1,70,,18186,2,,,1,30,,18195,2,,,1,70,,18196,2,,,1,30,,18197,2,,,1,70,,18198,2,,,1,30,,18199,2,,,1,70,,18200,2,,,1,30,,18201,2,,,1,70,,18202,2,,,1,30,,18203,2,,,1,70,,18204,2,,,1,30,,18205,2,,,1,70,,18206,2,,,1,30,,18207,2,,,1,70,,18208,2,,,1,30,,18209,2,,,1,70,,18210,2,,,1,30,,18211,2,,,1,70,,18187,2,,,1,30,,18188,2,,,1,70,,18189,2,,,1,30,,18190,2,,,1,70,,18191,2,,,1,30,,18192,2,,,1,70,,18193,2,,,1,30,,18194,2,,,1
30201,'Weekday',415,,18212,2,,,1,32,,18213,2,,,1,75,,18214,2,,,1,30,,18215,2,,,1,55,,18248,2,0,5 18 9,1,15,,18216,2,,,1,15,,18249,2,0,5 18 9,1,15,,18217,2,,,1,55,,18250,2,0,5 18 9,1,15,,18218,2,,,1,15,,18251,2,0,5 18 9,1,15,,18219,2,,,1,55,,18252,2,0,5 18 9,1,15,,18220,2,,,1,15,,18253,2,0,5 18 9,1,15,,18221,2,,,1,67,,18222,2,,,1,30,,18223,2,,,1,70,,18224,2,,,1,30,,18225,2,,,1,70,,18226,2,,,1,30,,18227,2,,,1,70,,18228,2,,,1,29,,18229,2,,,1,70,,18230,2,,,1,30,,18231,2,,,1,70,,18232,2,,,1,34,,18233,2,,,1,55,,18254,2,0,5 18 9,1,15,,18234,2,,,1,15,,18255,2,0,5 18 9,1,15,,18235,2,,,1,55,,18256,2,0,5 18 9,1,15,,18236,2,,,1,15,,18257,2,0,5 18 9,1,15,,18237,2,,,1,55,,18258,2,0,5 18 9,1,15,,18238,2,,,1,15,,18259,2,0,5 18 9,1,15,,18239,2,,,1,55,,18260,2,0,5 18 9,1,11,,18240,2,,,1,30,,18241,2,,,1,70,,18242,2,,,1,34,,18243,2,,,1,66,,18244,2,,,1,30,,18245,2,,,1,70,,18246,2,,,1,30,,18247,2,,,1
40701,'Weekday',812,,18802,2,,,1,30,,18803,2,0,7 26,1,70,,18804,2,,,1,30,,18805,2,0,7 26,1,70,,18806,2,,,1,30,,18807,2,0,7 26,1,70,,18808,2,,,1,30,,18809,2,0,7 26,1,70,,18810,2,,,1,30,,18811,2,0,7 26,1,70,,18812,2,,,1,30,,18813,2,0,7 26,1,70,,18814,2,,,1,30,,18815,2,0,7 26,1,70,,18816,2,,,1,33,,18817,2,0,7 26,1,67,,18818,2,,,1,30,,18819,2,0,7 26,1,70,,18820,2,,,1,30,,18821,2,0,7 26,1,70,,18822,2,,,1,30,,18823,2,0,7 26,1,70,,18824,2,,,1,30,,18825,2,0,7 26,1,70,,18826,2,,,1,30,,18827,2,,,1,70,,18828,2,,,1,30,,18829,2,,,1
61800,'Weekday',1109,,19577,2,,,1,130,,19578,2,,,1,484,,19579,18,,,1,130,,19580,18,,,1
90100,'Overnight',2321,,19892,37,,,1,30,,19891,37,,,1
90100,'SatSun',2205,,19924,37,,,1,43,,19957,37,,,1
90100,'Weekday',2246,,20054,37,,,1
90500,'SatSun',638,,20442,39,0,5 19,1,70,,20454,39,0,7 20 21,1,30,,20455,39,0,7 20 21,1,70,,20443,39,0,5 19,1,30,,20456,39,0,7 20 21,1,70,,20457,39,0,7 20 21,1,31,,20444,39,0,5 19,1,70,,20458,39,0,7 20 21,1,30,,20459,39,0,7 20 21,1,70,,20445,39,0,5 19,1,30,,20460,39,0,7 20 21,1,70,,20461,39,0,7 20 21,1,30,,20446,39,0,5 19,1,70,,20462,39,0,7 20 21,1,30,,20463,39,0,7 20 21,1,70,,20447,39,0,5 19,1,30,,20464,39,0,7 20 21,1,70,,20465,39,0,7 20 21,1,30,,20448,39,0,5 19,1,70,,20466,39,0,7 20 21,1,30,,20467,39,0,7 20 21,1,69,,20449,39,0,5 19,1,30,,20468,39,0,7 20 21,1,70,,20469,39,0,7 20 21,1,30,,20450,39,0,5 19,1,70,,20470,39,0,7 20 21,1,30,,20471,39,0,7 20 21,1,70,,20451,39,0,5 19,1,30,,20472,39,0,7 20 21,1,70,,20473,39,0,7 20 21,1,30,,20452,39,0,5 19,1,70,,20474,39,0,7 20 21,1,30,,20475,39,0,7 20 21,1,70,,20453,39,0,5 19,1,42,,20476,39,0,7 20 21,1,58,,20477,39,0,7 20 21,1,30,,20478,39,0,7 20 21,1
90500,'Weekday',620,,20502,39,0,5 19,1,30,,20479,39,0,7 20 21,1,70,,20480,39,0,7 20 21,1,30,,20503,39,0,5 19,1,70,,20481,39,0,7 20 21,1,30,,20482,39,0,7 20 21,1,70,,20504,39,0,5 19,1,30,,20483,39,0,7 20 21,1,70,,20484,39,0,7 20 21,1,30,,20505,39,0,5 19,1,70,,20485,39,0,7 20 21,1,30,,20486,39,0,7 20 21,1,70,,20506,39,0,5 19,1,28,,20487,39,0,7 20 21,1,70,,20488,39,0,7 20 21,1,39,,20507,39,0,5 19,1,69,,20489,39,0,7 20 21,1,30,,20490,39,0,7 20 21,1,74,,20508,39,0,5 19,1,70,,20491,39,0,7 20 21,1,30,,20492,39,0,7 20 21,1,70,,20509,39,0,5 19,1,30,,20493,39,0,7 20 21,1,70,,20494,39,0,7 20 21,1,30,,20510,39,0,5 19,1,70,,20495,39,0,7 20 21,1,30,,20496,39,0,7 20 21,1,70,,20511,39,0,5 19,1,30,,20497,39,0,7 20 21,1,70,,20498,39,0,7 20 21,1,26,,20512,39,0,5 19,1,74,,20499,39,0,7 20 21,1,30,,20500,39,0,7 20 21,1,26,,20513,39,0,5 19,1,74,,20501,39,0,7 20 21,1,70,,20538,39,0,7 20 21,1,100,,20540,39,0,7 20 21,1
92001,'Weekday',511,,21247,2,0,10 11 12 13,1,28,,21248,2,0,10 11 12 13,1,74,,21237,2,0,10 11 12 13,1,30,,21272,2,0,10 11 12 13,1,63,,21238,2,0,10 11 12 13,1,35,,21239,2,0,10 11 12 13,1,70,,21240,2,0,10 11 12 13,1,30,,21241,2,0,10 11 12 13,1,64,,21249,2,,,1,20,,21250,2,,,1,20,,21251,2,,,1,60,,21252,2,,,1,20,,21253,2,,,1,20,,21254,2,,,1,60,,21255,2,,,1,20,,21256,2,,,1,20,,21257,2,,,1,60,,21258,2,,,1,20,,21259,2,,,1,20,,21260,2,,,1,60,,21261,2,,,1,20,,21262,2,,,1,20,,21263,2,,,1,60,,21264,2,,,1,20,,21266,2,,,1,20,,21265,2,,,1,60,,21270,2,,,1,20,,21268,2,,,1,20,,21267,2,,,1,60,,21269,2,,,1,20,,21242,2,0,10 11 12 13,1,20,,21273,2,0,10 11 12 13,1,60,,21243,2,0,10 11 12 13,1,20,,21244,2,0,10 11 12 13,1,20,,21274,2,0,10 11 12 13,1,60,,21245,2,0,10 11 12 13,1,30,,21275,2,0,10 11 12 13,1,75,,21246,2,,,1,24,,21271,2,,,1,70,,21231,2,,,1,30,,21232,2,,,1,70,,21233,2,,,1,30,,21234,2,,,1,70,,21235,2,,,1,30,,21236,2,,,1
92101,'Weekday',516,,21301,2,,,1,20,,21296,2,,,1,20,,21304,2,,,1,60,,21300,2,,,1,20,,21312,2,,,1,20,,21297,2,,,1,60,,21311,2,,,1,20,,21299,2,,,1,20,,21303,2,,,1,60,,21314,2,,,1,20,,21313,2,,,1,20,,21306,2,,,1,770,,21298,2,,,1,20,,21310,2,,,1,60,,21309,2,,,1,20,,21307,2,,,1,20,,21302,2,,,1,60,,21308,2,,,1,20,,21305,2,,,1,25,,21295,2,,,1
1400000200,'Overnight',2427,,21340,31,,,1,30,,21337,31,,,1,68,,21345,31,,,1,30,,21336,31,,,1,70,,21338,31,,,1,33,,21341,31,,,1,70,,21339,31,,,1,30,,21343,31,,,1,70,,21342,31,,,1,27,,21344,31,,,1,70,,21346,31,,,1
