50200,'Weekday',701,,19384,45,4,,1,30,,19385,45,4,,1,70,,19386,45,4,,1,30,,19387,45,4,,1,70,,19388,45,4,,1,25,,19389,45,4,,1,30,,19390,45,4,,1,70,,19391,45,4,,1,30,,19392,45,4,,1,70,,19393,45,4,,1,30,,19394,45,4,,1,70,,19395,45,4,,1,30,,19396,45,4,,1,70,,19397,45,4,,1,30,,19398,45,4,,1,70,,19399,45,4,,1,28,,19418,27,4,,1,2,,19400,45,4,,1,70,,19401,45,4,,1,30,,19402,45,4,,1,70,,19403,45,4,,1,30,,19404,45,4,,1,70,,19405,45,4,,1,30,,19420,26,4,,1,70,,19407,45,4,,1,30,,19408,45,4,,1,70,,19409,45,4,,1,30,,19410,45,4,,1,44,,19411,27,4,,1,30,,19412,27,4,,1,70,,19413,27,4,,1,30,,19414,27,4,,1,70,,19415,27,4,,1,30,,19416,27,4,,1,70,,19417,27,4,,1
50201,'SatSun',932,,19434,1,,,1,70,,19435,1,,,1,29,,19436,1,,,1,70,,19437,1,,,1,30,,19438,1,,,1,70,,19439,1,,,1,30,,19440,1,,,1,70,,19441,1,,,1,30,,19442,1,,,1,70,,19422,1,,,1,30,,19423,1,,,1,70,,19424,1,,,1,30,,19425,1,,,1,70,,19426,1,,,1,30,,19427,1,,,1,70,,19428,1,,,1,31,,19429,1,,,1,70,,19430,1,,,1,30,,19431,1,,,1,70,,19432,1,,,1,30,,19433,1,,,1,70,,19443,1,,,1,30,,19444,1,,,1,70,,19445,1,,,1,30,,19446,1,,,1,70,,19421,1,,,1
50201,'Weekday',530,,19447,1,0,5 36,1,70,,19448,1,0,5 36,1,29,,19449,1,0,5 36,1,30,,19450,1,0,5 36,1,70,,19451,1,0,5 36,1,30,,19452,1,0,5 36,1,70,,19453,1,0,5 36,1,71,,19454,1,0,5 36,1,26,,19455,1,0,5 36,1,30,,19456,1,0,5 36,1,70,,19457,1,0,5 36,1,30,,19458,1,0,5 36,1,70,,19459,1,0,5 36,1,30,,19460,1,0,5 36,1,70,,19461,1,0,5 36,1,30,,19462,1,0,5 36,1,70,,19463,1,0,5 36,1,30,,19464,1,0,5 36,1,70,,19465,1,0,5 36,1,30,,19466,1,0,5 36,1,70,,19467,1,0,5 36,1,30,,19468,1,0,5 36,1,69,,19469,1,0,5 36,1,30,,19470,1,0,5 36,1,70,,19471,1,0,5 36,1,30,,19472,1,0,5 36,1,70,,19473,1,0,5 36,1,30,,19474,1,,,1,70,,19475,1,,,1,75,,19476,1,,,1,30,,19477,1,,,1,70,,19478,1,,,1,30,,19479,1,,,1,70,,19480,1,,,1,30,,19481,1,,,1
50500,'Weekday',631,,19494,1,,,1,70,,19495,1,,,1,30,,19497,1,,,1,70,,19506,1,,,1,30,,19499,1,,,1,623,,19492,1,,,1,72,,19493,1,,,1,30,,19505,1,,,1,70,,19501,1,,,1,30,,19498,1,,,1,70,,19496,1,,,1,30,,19502,1,,,1,70,,19504,1,,,1,30,,19503,1,,,1,70,,19500,1,,,1
50501,'Weekday',659,,19507,14,4,,1,70,,19508,14,4,,1,30,,19509,14,4,,1,70,,19510,14,4,,1,30,,19511,14,4,,1,665,,19512,14,4,,1,32,,19513,14,4,,1,69,,19514,14,4,,1,30,,19515,14,4,,1,70,,19516,14,4,,1,30,,19517,14,4,,1,70,,19518,14,4,,1,30,,19519,14,4,,1,70,,19520,14,4,,1,30,,19521,14,4,,1
50700,'Weekday',718,,19522,1,,,1,841,,19523,1,,,1,100,,19524,1,,,1,100,,19525,1,,,1,141,,19526,1,,,1
50701,'Weekday',617,,19527,20,4,,1,100,,19528,20,4,,1,100,,19529,20,4,,1,883,,19530,20,4,,1,100,,19531,20,4,,1,100,,19532,20,4,,1,100,,19533,20,4,,1
90200,'SatSun',732,,20240,51,4,,1,70,,20241,51,4,,1,30,,20242,51,4,,1,70,,20243,51,4,,1,30,,20244,51,4,,1,70,,20245,51,4,,1,29,,20246,51,4,,1,70,,20247,51,4,,1,30,,20248,51,4,,1,70,,20249,51,4,,1,30,,20250,51,4,,1,70,,20251,51,4,,1,30,,20252,51,4,,1,70,,20253,51,4,,1,30,,20254,51,4,,1,70,,20255,51,4,,1,30,,20256,51,4,,1,70,,20257,51,4,,1,30,,20258,51,4,,1,70,,20259,51,4,,1,31,,20260,51,4,,1,70,,20261,51,4,,1,30,,20262,51,4,,1,70,,20263,51,4,,1,30,,20264,51,4,,1,70,,20265,51,4,,1,30,,20266,51,4,,1,70,,20267,51,4,,1,30,,20268,51,4,,1,70,,20269,51,4,,1,30,,20270,51,4,,1,19,,20271,51,4,,1,70,,20272,51,4,,1,30,,20273,51,4,,1,70,,20221,51,4,,1,30,,20222,51,4,,1
90200,'Weekday',658,,20276,51,4,,1,60,,20277,51,4,,1,20,,20278,51,4,,1,20,,20279,51,4,,1,60,,20280,51,4,,1,20,,20281,51,4,,1,20,,20282,51,4,,1,60,,20283,51,4,,1,20,,20284,51,4,,1,20,,20285,51,4,,1,60,,20286,51,4,,1,22,,20287,51,4,,1,60,,20288,51,4,,1,20,,20289,51,4,,1,20,,20290,51,4,,1,60,,20291,51,4,,1,20,,20292,51,4,,1,20,,20293,51,4,,1,60,,20294,51,4,,1,20,,20295,51,4,,1,20,,20296,51,4,,1,60,,20297,51,4,,1,20,,20298,51,4,,1,20,,20299,51,4,,1,60,,20300,51,4,,1,20,,20301,51,4,,1,20,,20302,51,4,,1,19,,20303,51,4,,1,61,,20304,51,4,,1,20,,20305,51,4,,1,19,,20306,51,4,,1,61,,20307,51,4,,1,20,,20308,51,4,,1,19,,20309,51,4,,1,61,,20310,51,4,,1,20,,20311,51,4,,1,60,,20312,51,4,,1,20,,20313,51,4,,1,20,,20314,51,4,,1,60,,20315,51,4,,1,30,,20316,51,4,,1,24,,20317,51,4,,1,70,,20318,51,4,,1,30,,20319,51,4,,1,70,,20320,51,4,,1,30,,20321,51,4,,1,70,,20322,51,4,,1,30,,20323,51,4,,1,70,,20274,51,4,,1,30,,20275,51,4,,1
90201,'SatSun',535,,20328,1,,,1,70,,20329,1,,,1,30,,20330,1,,,1,70,,20331,1,,,1,27,,20332,1,,,1,70,,20333,1,,,1,30,,20334,1,,,1,70,,20335,1,,,1,34,,20336,1,,,1,1315,,20324,1,,,1,70,,20325,1,,,1,30,,20326,1,,,1,70,,20327,1,,,1
90201,'Weekday',458,,20384,1,,,1,70,,20385,1,,,1,30,,20386,1,,,1,60,,20387,1,,,1,20,,20388,1,,,1,20,,20389,1,,,1,60,,20390,1,,,1,20,,20391,1,,,1,20,,20392,1,,,1,60,,20393,1,,,1,20,,20394,1,,,1,20,,20395,1,,,1,60,,20396,1,,,1,20,,20397,1,,,1,20,,20398,1,,,1,60,,20399,1,,,1,22,,20400,1,,,1,60,,20401,1,,,1,20,,20402,1,,,1,20,,20403,1,,,1,60,,20404,1,,,1,20,,20405,1,,,1,20,,20406,1,,,1,60,,20407,1,,,1,20,,20408,1,,,1,20,,20409,1,,,1,60,,20410,1,,,1,20,,20411,1,,,1,20,,20412,1,,,1,60,,20413,1,,,1,20,,20414,1,,,1,20,,20415,1,,,1,60,,20416,1,,,1,20,,20417,1,,,1,20,,20418,1,,,1,60,,20429,1,,,1,20,,20430,1,,,1,20,,20431,1,,,1,60,,20419,1,,,1,20,,20420,1,,,1,20,,20421,1,,,1,60,,20422,1,,,1,30,,20423,1,,,1,70,,20424,1,,,1,30,,20425,1,,,1,24,,20426,1,,,1,70,,20427,1,,,1,30,,20428,1,,,1,70,,20380,1,,,1,30,,20381,1,,,1,70,,20382,1,,,1,76,,20383,1,,,1
