30200,'SatSun',712,,18098,46,,,1,30,,18099,46,,,1,70,,18100,46,,,1,30,,18101,46,,,1,70,,18102,46,,,1,30,,18103,46,,,1,70,,18104,46,,,1,30,,18105,46,,,1,70,,18106,46,,,1,30,,18107,46,,,1,70,,18108,46,,,1,30,,18109,46,,,1,70,,18110,46,,,1,30,,18111,46,,,1,70,,18112,46,,,1,30,,18113,46,,,1,70,,18114,46,,,1,30,,18115,46,,,1,70,,18116,46,,,1,30,,18117,46,,,1,70,,18118,46,,,1,30,,18119,46,,,1,70,,18120,46,,,1,30,,18121,46,,,1,70,,18122,46,,,1,30,,18123,46,,,1,70,,18124,46,,,1,30,,18125,46,,,1,70,,18126,46,,,1,30,,18127,46,,,1,70,,18128,46,,,1,30,,18129,46,,,1,80,,18130,46,,,1,20,,18131,46,,,1
30200,'Weekday',513,,18132,19,,,1,30,,18133,19,,,1,64,,18134,46,,,1,30,,18135,46,,,1,70,,18136,46,,,1,30,,18137,46,,,1,70,,18138,46,,,1,32,,18139,46,,,1,68,,18140,46,,,1,30,,18141,46,,,1,70,,18142,46,,,1,30,,18143,46,,,1,70,,18144,46,,,1,30,,18145,46,,,1,70,,18146,46,,,1,30,,18147,46,,,1,70,,18148,46,,,1,30,,18149,46,,,1,70,,18150,46,,,1,32,,18151,46,,,1,70,,18152,46,,,1,30,,18153,46,,,1,70,,18154,46,,,1,30,,18155,46,,,1,70,,18156,46,,,1,30,,18157,46,,,1,64,,18158,46,,,1,30,,18159,46,,,1,70,,18160,46,,,1,33,,18161,46,,,1,70,,18162,46,,,1,30,,18163,46,,,1,70,,18164,46,,,1,30,,18165,46,,,1,70,,18166,46,,,1,30,,18167,46,,,1,70,,18168,46,,,1,30,,18169,46,,,1
40901,'SatSun',642,,18895,2,,,1,70,,18896,2,,,1,30,,18897,2,,,1,70,,18898,2,,,1,30,,18899,2,,,1,70,,18900,2,,,1,30,,18901,2,,,1,70,,18902,2,,,1,30,,18903,2,,,1,70,,18904,2,,,1,30,,18905,2,,,1,70,,18906,2,,,1,30,,18907,2,,,1,70,,18908,2,,,1,30,,18909,2,,,1,70,,18910,2,,,1,30,,18911,2,,,1,70,,18912,2,,,1,30,,18913,2,,,1,70,,18914,2,,,1,30,,18915,2,,,1,70,,18916,2,,,1,30,,18917,2,,,1,70,,18918,2,,,1,30,,18919,2,,,1,70,,18920,2,,,1,30,,18921,2,,,1,70,,18922,2,,,1,30,,18925,2,,,1,70,,18926,2,,,1,30,,18927,2,,,1,70,,18923,2,,,1,30,,18928,2,,,1,70,,18924,2,,,1
40901,'Weekday',631,,18961,2,,,1,70,,18935,2,,,1,30,,18936,2,,,1,70,,18937,2,,,1,30,,18938,2,,,1,70,,18939,2,,,1,30,,18940,2,,,1,70,,18941,2,0,5 22 23 13,1,30,,18942,2,,,1,70,,18943,2,,,1,30,,18944,2,,,1,69,,18945,2,0,5 22 23 13,1,31,,18946,2,,,1,70,,18947,2,,,1,30,,18948,2,,,1,70,,18949,2,0,5 22 23 13,1,30,,18950,2,,,1,70,,18951,2,,,1,30,,18952,2,0,7 22 23 13,1,70,,18953,2,,,1,30,,18954,2,,,1,70,,18955,2,,,1,30,,18956,2,,,1,70,,18957,2,,,1,30,,18958,2,,,1,70,,18959,2,,,1,30,,18960,2,,,1,70,,18929,2,,,1,30,,18930,2,,,1,70,,18931,2,,,1,30,,18932,2,,,1,70,,18933,2,,,1,43,,18934,2,,,1
61801,'Weekday',1056,,19582,35,0,10 53,1,168,,19589,35,0,10 53,1,579,,19584,35,0,7 44,1,129,,19585,35,0,7 44,1,186,,19586,35,0,10 53,1
90101,'SatSun',2212,,20091,2,0,7 24 25,1,41,,20124,2,0,7 24 25,1
90101,'Weekday',2253,,20220,2,0,7 24 25,1
90501,'SatSun',549,,20552,3,,,1,70,,20553,3,,,1,28,,20541,39,,,1,70,,20554,3,,,1,30,,20555,3,,,1,70,,20542,39,,,1,30,,20556,3,,,1,70,,20557,3,,,1,30,,20543,39,,,1,72,,20558,3,,,1,30,,20559,3,,,1,68,,20544,39,,,1,32,,20560,3,,,1,70,,20561,3,,,1,28,,20545,39,,,1,72,,20568,3,,,1,30,,20569,3,,,1,68,,20546,39,,,1,32,,20570,3,,,1,70,,20571,3,,,1,28,,20547,39,,,1,72,,20572,3,,,1,30,,20573,3,,,1,68,,20548,39,,,1,30,,20574,3,,,1,70,,20562,3,,,1,30,,20549,39,,,1,70,,20563,3,,,1,30,,20564,3,,,1,70,,20550,39,,,1,30,,20565,3,,,1,70,,20566,3,,,1,85,,20551,39,,,1,15,,20567,3,,,1,30,,20575,3,,,1,72,,20576,3,,,1,40,,20577,3,,,1,60,,20578,3,,,1
90501,'Weekday',436,,20638,3,0,54 18 9,1,98,,20590,3,,,1,70,,20591,3,,,1,29,,20579,39,,,1,11,,20615,3,0,54 18 9,1,15,,20592,3,,,1,57,,20616,3,0,54 18 9,1,13,,20593,3,,,1,15,,20617,3,0,54 18 9,1,59,,20580,39,,,1,11,,20618,3,0,54 18 9,1,15,,20594,3,,,1,15,,20619,3,0,54 18 9,1,15,,20595,3,,,1,55,,20620,3,0,54 18 9,1,19,,20581,39,,,1,11,,20621,3,0,54 18 9,1,15,,20596,3,,,1,55,,20622,3,0,54 18 9,1,15,,20597,3,,,1,15,,20623,3,0,54 18 9,1,15,,20582,39,,,1,55,,20624,3,0,54 18 9,1,15,,20598,3,,,1,15,,20625,3,0,54 18 9,1,15,,20599,3,,,1,55,,20626,3,0,54 18 9,1,15,,20583,39,,,1,14,,20627,3,0,54 18 9,1,14,,20600,3,,,1,56,,20628,3,0,54 18 9,1,14,,20601,3,,,1,16,,20629,3,0,54 18 9,1,63,,20584,39,,,1,14,,20630,3,0,54 18 9,1,15,,20602,3,,,1,15,,20631,3,0,54 18 9,1,55,,20603,3,,,1,15,,20632,3,0,54 18 9,1,15,,20585,39,,,1,19,,20633,3,0,54 18 9,1,55,,20604,3,,,1,15,,20634,3,0,54 18 9,1,15,,20605,3,,,1,15,,20641,3,0,54 18 9,1,55,,20586,39,,,1,15,,20635,3,0,54 18 9,1,15,,20606,3,,,1,15,,20636,3,0,54 18 9,1,55,,20607,3,,,1,15,,20637,3,0,54 18 9,1,15,,20587,39,,,1,70,,20608,3,,,1,30,,20609,3,,,1,70,,20588,39,,,1,30,,20610,3,,,1,70,,20611,3,,,1,30,,20589,39,,,1,70,,20612,3,,,1,30,,20613,3,,,1,19,,20614,39,,,1,81,,20639,3,,,1,70,,20640,3,0,54 18 9,1
1400000201,'Overnight',2331,,21347,2,,,1,70,,21353,2,,,1,31,,21352,2,,,1,70,,21348,2,,,1,28,,21349,2,,,1,70,,21350,2,,,1,30,,21351,2,,,1,73,,21356,2,,,1,30,,21357,2,,,1,70,,21358,2,,,1,30,,21359,2,,,1,67,,21360,2,,,1,30,,21361,2,,,1
