41000,'SatSun',712,,18962,41,4,,1,30,,18963,41,4,,1,70,,18964,41,4,,1,30,,18965,41,4,,1,70,,18966,41,4,,1,30,,18967,41,4,,1,72,,18968,41,4,,1,30,,18969,41,4,,1,70,,18970,41,4,,1,30,,18971,41,4,,1,70,,18972,41,4,,1,30,,18973,41,4,,1,70,,18974,41,4,,1,32,,18975,41,4,,1,70,,18976,41,4,,1,30,,18977,41,4,,1,70,,18978,41,4,,1,30,,18979,41,4,,1,70,,18980,41,4,,1,30,,18981,41,4,,1,70,,18982,41,4,,1,30,,18994,41,4,,1,68,,18983,41,4,,1,30,,18984,41,4,,1,70,,18985,41,4,,1,30,,18986,41,4,,1,70,,18987,41,4,,1,30,,18988,41,4,,1,70,,18989,41,4,,1,30,,18990,41,4,,1,70,,18991,41,4,,1,30,,18992,41,4,,1,70,,18993,41,4,,1
41000,'Weekday',639,,18995,41,4,,1,70,,18996,41,4,,1,30,,18997,41,4,,1,70,,18998,41,4,,1,30,,18999,41,4,,1,70,,19000,41,4,,1,30,,19001,41,4,,1,70,,19002,41,4,,1,30,,19003,41,4,,1,70,,19004,41,4,,1,30,,19005,41,4,,1,70,,19006,41,4,,1,30,,19007,41,4,,1,70,,19008,41,4,,1,30,,19009,41,4,,1,70,,19010,41,4,,1,40,,19011,41,4,,1,60,,19012,41,4,,1,30,,19013,41,4,,1,70,,19014,41,4,,1,30,,19015,41,4,,1,70,,19016,41,4,,1,30,,19017,41,4,,1,76,,19018,41,4,,1,24,,19019,41,4,,1,70,,19020,41,4,,1,31,,19021,41,4,,1,69,,19022,41,4,,1,30,,19023,41,4,,1,70,,19024,41,4,,1,30,,19025,41,4,,1,70,,19026,41,4,,1,30,,19027,41,4,,1,70,,19028,41,4,,1,30,,19029,41,4,,1
41001,'SatSun',619,,19030,1,,,1,30,,19031,1,,,1,70,,19032,1,,,1,30,,19033,1,,,1,70,,19034,1,,,1,30,,19035,1,,,1,70,,19036,1,,,1,30,,19037,1,,,1,70,,19038,1,,,1,30,,19039,1,,,1,70,,19040,1,,,1,30,,19041,1,,,1,70,,19042,1,,,1,30,,19043,1,,,1,70,,19044,1,,,1,30,,19045,1,,,1,70,,19046,1,,,1,30,,19047,1,,,1,70,,19048,1,,,1,30,,19049,1,,,1,70,,19050,1,,,1,30,,19051,1,,,1,70,,19052,1,,,1,30,,19053,1,,,1,70,,19054,1,,,1,30,,19055,1,,,1,70,,19056,1,,,1,30,,19057,1,,,1,70,,19058,1,,,1,30,,19059,1,,,1,70,,19060,1,,,1,30,,19061,1,,,1,70,,19062,1,,,1
41001,'Weekday',540,,19096,1,,,1,85,,19063,1,,,1,30,,19064,1,,,1,70,,19065,1,,,1,27,,19066,1,,,1,73,,19067,1,,,1,30,,19068,1,,,1,70,,19069,1,,,1,27,,19070,1,,,1,73,,19071,1,,,1,30,,19072,1,,,1,70,,19073,1,,,1,30,,19074,1,,,1,70,,19075,1,,,1,30,,19076,1,,,1,70,,19077,1,,,1,30,,19078,1,,,1,70,,19079,1,,,1,25,,19080,1,,,1,70,,19081,1,,,1,30,,19082,1,,,1,70,,19083,1,,,1,30,,19084,1,,,1,70,,19085,1,,,1,30,,19086,1,,,1,70,,19087,1,,,1,28,,19088,1,,,1,72,,19089,1,,,1,22,,19090,1,,,1,67,,19091,1,,,1,30,,19092,1,,,1,70,,19093,1,,,1,30,,19094,1,,,1,70,,19095,1,,,1,30,,19098,1,,,1,70,,19097,1,,,1,30,,19099,1,,,1,19,,19100,1,,,1,100,,19101,1,,,1
41900,'SatSun',743,,19102,18,4,,1,70,,19103,18,4,,1,30,,19104,18,4,,1,70,,19105,18,4,,1,30,,19106,18,4,,1,70,,19107,18,4,,1,30,,19108,18,4,,1,70,,19109,18,4,,1,30,,19110,18,4,,1,70,,19111,18,4,,1,30,,19112,18,4,,1,70,,19113,18,4,,1,30,,19114,18,4,,1,70,,19115,18,4,,1,30,,19116,18,4,,1,70,,19117,18,4,,1,30,,19118,18,4,,1,70,,19119,18,4,,1,30,,19120,18,4,,1,70,,19121,18,4,,1,30,,19122,18,4,,1,70,,19123,18,4,,1,30,,19124,18,4,,1,70,,19125,18,4,,1,30,,19126,18,4,,1,70,,19127,18,4,,1,30,,19128,18,4,,1,70,,19129,18,4,,1,30,,19130,18,4,,1,70,,19131,18,4,,1,30,,19132,18,4,,1
41900,'Weekday',723,,19139,18,4,,1,31,,19140,18,4,,1,73,,19141,18,4,,1,30,,19142,18,4,,1,70,,19143,18,4,,1,29,,19144,18,4,,1,67,,19145,18,4,,1,32,,19146,18,4,,1,68,,19147,18,4,,1,30,,19148,18,4,,1,70,,19149,18,4,,1,32,,19150,18,4,,1,68,,19151,18,4,,1,33,,19152,18,4,,1,70,,19153,18,4,,1,32,,19154,18,4,,1,71,,19155,18,4,,1,30,,19156,18,4,,1,70,,19157,18,4,,1,73,,19158,18,4,,1,27,,19159,18,4,,1,30,,19160,18,4,,1,70,,19161,18,4,,1,30,,19162,18,4,,1,70,,19164,18,4,,1,30,,19163,18,4,,1,70,,19133,18,4,,1,30,,19134,18,4,,1,70,,19135,18,4,,1,30,,19136,18,4,,1,70,,19137,18,4,,1,82,,19138,18,4,,1
41901,'SatSun',718,,19167,1,,,1,30,,19168,1,,,1,70,,19169,1,,,1,30,,19170,1,,,1,70,,19171,1,,,1,30,,19172,1,,,1,70,,19173,1,,,1,30,,19174,1,,,1,70,,19175,1,,,1,30,,19176,1,,,1,70,,19177,1,,,1,30,,19178,1,,,1,70,,19179,1,,,1,30,,19180,1,,,1,70,,19181,1,,,1,30,,19182,1,,,1,70,,19183,1,,,1,30,,19184,1,,,1,70,,19185,1,,,1,30,,19186,1,,,1,70,,19187,1,,,1,30,,19188,1,,,1,70,,19189,1,,,1,30,,19190,1,,,1,70,,19191,1,,,1,30,,19192,1,,,1,70,,19193,1,,,1,30,,19194,1,,,1,70,,19195,1,,,1,30,,19196,1,,,1,70,,19197,1,,,1,30,,19198,1,,,1
41901,'Weekday',635,,19204,1,,,1,70,,19224,1,,,1,30,,19205,1,,,1,70,,19225,1,,,1,30,,19206,1,,,1,70,,19207,1,,,1,30,,19226,1,,,1,70,,19208,1,,,1,30,,19209,1,,,1,70,,19227,1,,,1,30,,19210,1,,,1,70,,19211,1,,,1,30,,19212,1,,,1,70,,19228,1,,,1,30,,19213,1,,,1,70,,19214,1,,,1,30,,19215,1,,,1,70,,19216,1,,,1,30,,19229,1,,,1,70,,19217,1,,,1,30,,19218,1,,,1,70,,19230,1,,,1,30,,19219,1,,,1,70,,19220,1,,,1,30,,19231,1,,,1,70,,19221,1,,,1,30,,19222,1,,,1,70,,19199,1,,,1,30,,19200,1,,,1,70,,19201,1,,,1,30,,19202,1,,,1,85,,19203,1,,,1
42300,'Weekday',724,,19327,42,,,1,30,,19328,42,,,1,72,,19329,42,,,1,30,,19330,42,,,1,70,,19331,42,,,1,30,,19344,42,,,1,70,,19345,42,,,1,30,,19346,42,,,1,70,2,19338,42,,,1,30,2,19339,42,,,1,70,2,19340,42,,,1,30,2,19341,42,,,1,70,2,19343,42,,,1,30,2,19347,42,,,1,70,2,19348,42,,,1,30,2,19349,42,,,1,72,4,19342,42,,,1,30,2,19350,42,,,1,70,2,19332,42,,,1,30,2,19333,42,,,1,70,2,19334,42,,,1,30,2,19335,42,,,1,70,2,19336,42,,,1,30,2,19337,42,,,1,75,7,19351,42,,,1,70,47,19352,42,,,1,30,7,19353,42,,,1
42301,'Weekday',610,,19354,5,,,1,30,,19355,5,,,1,70,,19356,5,,,1,32,4,19364,5,,,1,70,4,19365,5,,,1,30,2,19366,5,,,1,70,2,19374,5,,,1,30,2,19375,5,,,1,70,2,19376,5,,,1,30,2,19377,5,,,1,70,2,19378,5,,,1,30,2,19368,5,,,1,70,2,19369,5,,,1,30,2,19370,5,,,1,70,2,19371,5,,,1,30,2,19373,5,,,1,70,2,19379,5,,,1,30,2,19372,5,,,1,70,2,19380,5,,,1,30,,19367,5,,,1,70,,19357,5,,,1,30,,19358,5,,,1,74,,19359,5,,,1,26,,19360,5,,,1,70,,19361,5,,,1,30,,19362,5,,,1,70,,19363,5,,,1,35,,19381,5,0,10 58,1,70,,19382,5,0,10 58,1,30,,19383,5,0,10 58,1
