40300,'SatSun',653,,18414,26,,,1,70,,18415,26,,,1,30,,18416,26,,,1,70,,18417,26,,,1,30,,18418,26,,,1,70,,18419,26,,,1,30,,18420,26,,,1,71,,18421,26,,,1,30,,18422,26,,,1,66,,18423,26,,,1,30,,18424,26,,,1,74,,18425,26,,,1,30,,18426,26,,,1,70,,18427,26,,,1,30,,18428,26,,,1,70,,18429,26,,,1,30,,18430,26,,,1,70,,18431,26,,,1,30,,18432,26,,,1,66,,18433,26,,,1,34,,18434,26,,,1,70,,18435,26,,,1,33,,18436,26,,,1,67,,18437,26,,,1,30,,18438,26,,,1,70,,18439,26,,,1,30,,18440,26,,,1,70,,18441,26,,,1,30,,18442,26,,,1,70,,18443,26,,,1,30,,18444,26,,,1
40300,'Weekday',629,,18465,26,,,1,15,,18449,13,,,1,15,,18481,26,,,1,55,,18450,13,,,1,15,,18476,26,,,1,15,,18451,13,,,1,15,,18482,26,,,1,55,,18452,13,,,1,15,,18483,26,,,1,30,,18484,26,,,1,70,,18485,26,,,1,71,,18486,26,,,1,30,,18487,26,,,1,70,,18488,26,,,1,30,,18445,26,,,1,70,,18446,26,,,1,30,,18447,26,,,1,70,,18448,26,,,1,30,,18459,26,,,1,70,,18460,26,,,1,30,,18461,26,,,1,73,,18462,26,,,1,22,,18463,26,,,1,15,,18453,13,,,1,15,,18464,26,,,1,55,,18454,13,,,1,15,,18466,26,,,1,15,,18455,13,,,1,15,,18467,26,,,1,55,,18456,13,,,1,15,,18468,26,,,1,15,,18457,13,,,1,15,,18469,26,,,1,55,,18458,13,,,1,15,,18470,26,,,1,30,,18471,26,,,1,70,,18472,26,,,1,30,,18473,26,,,1,70,,18474,26,,,1,30,,18475,26,,,1,70,,18477,26,,,1,30,,18478,26,,,1,70,,18479,26,,,1,30,,18480,26,,,1
40501,'SatSun',654,,18630,40,,,1,70,,18631,40,,,1,30,,18632,40,,,1,70,,18633,40,,,1,30,,18634,40,,,1,70,,18635,40,,,1,30,,18636,40,,,1,73,,18637,40,,,1,30,,18638,40,,,1,70,,18639,40,,,1,30,,18640,40,,,1,70,,18641,40,,,1,30,,18642,40,,,1,70,,18643,40,,,1,30,,18644,40,,,1,70,,18645,40,,,1,30,,18646,40,,,1,70,,18647,40,,,1,30,,18648,40,,,1,70,,18649,40,,,1,30,,18650,40,,,1,70,,18651,40,,,1,30,,18652,40,,,1,70,,18653,40,,,1,30,,18654,40,,,1,67,,18655,40,,,1,30,,18656,40,,,1,70,,18657,40,,,1,30,,18658,40,,,1,70,,18659,40,,,1,30,,18660,40,,,1,70,,18661,40,,,1,30,,18662,40,,,1
40501,'Weekday',628,,18680,40,,,1,30,,18681,40,,,1,70,,18682,40,,,1,25,,18683,40,,,1,74,,18684,40,,,1,30,,18685,40,,,1,67,,18686,40,,,1,30,,18687,40,,,1,70,,18688,40,,,1,30,,18689,40,,,1,70,,18690,40,,,1,30,,18691,40,,,1,70,,18692,40,,,1,30,,18693,40,,,1,70,,18694,40,,,1,30,,18695,40,,,1,64,,18696,40,,,1,30,,18663,40,,,1,71,,18664,40,,,1,30,,18665,40,,,1,72,,18667,40,,,1,28,,18668,40,,,1,72,,18669,40,,,1,28,,18670,40,,,1,68,,18671,40,,,1,30,,18672,40,,,1,64,,18673,40,,,1,30,,18674,40,,,1,62,,18675,40,,,1,35,,18666,40,,,1,70,,18676,40,,,1,30,,18677,40,,,1,70,,18678,40,,,1,30,,18679,40,,,1
40901,'SatSun',701,,18895,27,,,1,30,,18896,27,,,1,70,,18897,27,,,1,30,,18898,27,,,1,70,,18899,27,,,1,30,,18900,27,,,1,70,,18901,27,,,1,30,,18902,27,,,1,70,,18903,27,,,1,30,,18904,27,,,1,70,,18905,27,,,1,30,,18906,27,,,1,70,,18907,27,,,1,30,,18908,27,,,1,71,,18909,27,,,1,30,,18910,27,,,1,70,,18911,27,,,1,30,,18912,27,,,1,70,,18913,27,,,1,30,,18914,27,,,1,70,,18915,27,,,1,30,,18916,27,,,1,70,,18917,27,,,1,30,,18918,27,,,1,70,,18919,27,,,1,30,,18920,27,,,1,70,,18921,27,,,1,30,,18922,27,,,1,70,,18925,27,,,1,30,,18926,27,,,1,70,,18927,27,,,1,30,,18923,27,,,1,70,,18928,27,,,1,30,,18924,27,,,1
40901,'Weekday',654,,18961,27,,,1,70,,18935,27,,,1,30,,18936,27,,,1,70,,18937,27,,,1,30,,18938,27,,,1,70,,18939,27,,,1,30,,18940,27,,,1,73,,18941,33,0,5 22 23 13,1,27,,18942,27,,,1,70,,18943,27,,,1,30,,18944,27,,,1,72,,18945,33,0,5 22 23 13,1,28,,18946,27,,,1,70,,18947,27,,,1,30,,18948,27,,,1,73,,18949,33,0,5 22 23 13,1,27,,18950,27,,,1,70,,18951,27,,,1,30,,18952,26,0,7 22 23 13,1,70,,18953,27,,,1,30,,18954,27,,,1,70,,18955,27,,,1,30,,18956,27,,,1,70,,18957,27,,,1,30,,18958,27,,,1,70,,18959,27,,,1,30,,18960,27,,,1,70,,18929,27,,,1,30,,18930,27,,,1,70,,18931,27,,,1,30,,18932,27,,,1,70,,18933,27,,,1,83,,18934,27,,,1
42100,'Weekday',558,,19251,5,0,7 30,1,70,,19252,5,0,7 30,1,30,,19253,5,0,7 30,1,71,,19254,5,0,7 30,1,82,,19255,5,0,7 30,1,30,,19256,5,0,7 30,1,70,,19257,5,0,7 30,1,25,,19258,5,0,7 30,1,75,,19259,5,0,7 30,1,30,,19260,5,0,7 30,1,70,,19261,5,0,7 30,1,30,,19262,5,0,7 30,1,70,,19263,5,0,7 30,1,90,,19264,5,0,7 30,1,39,,19265,5,0,5 30,1,65,,19266,5,0,7 30,1,31,,19267,5,0,7 30,1,70,,19268,5,0,7 30,1,36,,19277,5,0,7 30,1,64,,19279,5,0,7 30,1,30,,19278,5,0,7 30,1
42101,'SatSun',957,,19280,14,0,54 22 23 13,1,70,,19281,14,0,54 22 23 13,1,75,,19282,43,0,54 22 23 13,1,30,,19283,43,0,54 22 23 13,1,70,,19284,43,0,54 22 23 13,1,30,,19285,43,0,54 22 23 13,1,70,,19286,43,0,54 22 23 13,1,30,,19287,43,0,54 22 23 13,1,70,,19288,43,0,54 22 23 13,1,30,,19289,43,0,54 22 23 13,1,70,,19290,43,0,54 22 23 13,1,30,,19291,43,0,54 22 23 13,1,70,,19292,43,0,54 22 23 13,1,30,,19293,43,0,54 22 23 13,1,70,,19294,43,0,54 22 23 13,1,30,,19295,43,0,54 22 23 13,1,70,,19296,43,0,54 22 23 13,1,30,,19297,43,0,54 22 23 13,1,70,,19298,43,0,54 22 23 13,1
42101,'Weekday',1022,,19307,40,0,7 22 9,1,30,,19308,40,0,7 22 9,1,65,,19309,40,0,7 22 9,1,35,,19310,40,0,7 22 9,1,70,,19311,40,0,7 22 9,1,30,,19312,40,0,7 22 9,1,68,,19313,40,0,7 22 9,1,28,,19314,40,0,7 22 9,1,95,,19315,40,0,7 22 9,1,72,,19316,40,0,7 22 9,1,29,,19317,40,0,7 22 9,1,70,,19318,40,0,7 22 9,1,30,,19319,40,0,7 22 9,1,74,,19320,40,0,7 22 9,1,26,,19321,40,0,7 22 9,1,73,,19322,40,0,7 22 9,1,30,,19323,40,0,7 22 9,1,74,,19324,40,0,7 22 9,1,30,,19325,40,0,7 22 9,1,70,,19326,40,0,7 22 9,1
90100,'Overnight',2300,,19892,17,,,1,30,,19891,17,,,1,617,,19890,17,0,10 16 17 13,1
90100,'SatSun',609,,19893,17,0,10 16 17 13,1,30,,19894,17,0,10 16 17 13,1,70,,19895,17,0,10 16 17 13,1,30,,19896,17,0,10 16 17 13,1,70,,19897,17,0,10 16 17 13,1,30,,19898,17,0,10 16 17 13,1,70,,19899,17,0,10 16 17 13,1,30,,19900,17,0,10 16 17 13,1,70,,19901,17,0,10 16 17 13,1,30,,19902,17,0,10 16 17 13,1,70,,19903,17,0,10 16 17 13,1,30,,19904,17,0,10 16 17 13,1,70,,19905,17,0,10 16 17 13,1,30,,19906,17,0,10 16 17 13,1,70,,19907,17,0,10 16 17 13,1,30,,19908,17,0,10 16 17 13,1,70,,19909,17,0,10 16 17 13,1,30,,19910,17,0,10 16 17 13,1,70,,19911,17,0,10 16 17 13,1,30,,19912,17,0,10 16 17 13,1,70,,19913,17,0,10 16 17 13,1,30,,19914,17,0,10 16 17 13,1,70,,19915,17,0,10 16 17 13,1,27,,19916,17,0,10 16 17 13,1,73,,19917,17,0,10 16 17 13,1,30,,19918,17,0,10 16 17 13,1,70,,19919,17,0,10 16 17 13,1,30,,19920,17,0,10 16 17 13,1,70,,19921,17,0,10 16 17 13,1,30,,19922,17,0,10 16 17 13,1,70,,19923,17,0,10 16 17 13,1,30,,19924,17,,,1,70,,19955,17,0,10 16 17 13,1,18,,19957,17,,,1
90100,'Weekday',623,,19959,17,0,10 16 17 13,1,30,,19960,17,0,10 16 17 13,1,70,,19961,17,0,10 16 17 13,1,30,,19962,17,0,10 16 17 13,1,70,,19963,17,0,10 16 17 13,1,30,,19964,17,0,10 16 17 13,1,70,,19965,17,0,10 16 17 13,1,31,,19966,17,0,10 16 17 13,1,71,,19967,17,0,10 16 17 13,1,34,,19968,17,0,10 16 17 13,1,70,,19969,17,0,10 16 17 13,1,30,,19970,17,0,10 16 17 13,1,70,,19971,17,0,10 16 17 13,1,30,,19972,17,0,10 16 17 13,1,70,,19973,17,0,10 16 17 13,1,30,,19974,17,0,10 16 17 13,1,69,,19975,17,0,10 16 17 13,1,30,,19976,17,0,10 16 17 13,1,72,,19977,17,0,10 16 17 13,1,70,,19978,17,0,10 16 17 13,1,30,,19979,17,0,10 16 17 13,1,27,,19980,17,0,10 16 17 13,1,70,,19981,17,0,10 16 17 13,1,30,,19982,17,0,10 16 17 13,1,69,,19983,17,0,10 16 17 13,1,30,,19984,17,0,10 16 17 13,1,68,,19985,17,0,10 16 17 13,1,30,,19986,17,0,10 16 17 13,1,70,,19987,17,0,10 16 17 13,1,30,,19988,17,0,10 16 17 13,1,70,,19989,17,0,10 16 17 13,1,28,,19990,17,0,10 16 17 13,1,73,,20054,17,,,1
90200,'SatSun',636,,20240,5,,,1,70,,20241,5,,,1,30,,20242,5,,,1,70,,20243,5,,,1,30,,20244,5,,,1,70,,20245,5,,,1,32,,20246,5,,,1,70,,20247,5,,,1,30,,20248,5,,,1,70,,20249,5,,,1,30,,20250,5,,,1,70,,20251,5,,,1,30,,20252,5,,,1,70,,20253,5,,,1,30,,20254,5,,,1,70,,20255,5,,,1,30,,20256,5,,,1,70,,20257,5,,,1,30,,20258,5,,,1,70,,20259,5,,,1,30,,20260,5,,,1,70,,20261,5,,,1,30,,20262,5,,,1,70,,20263,5,,,1,30,,20264,5,,,1,70,,20265,5,,,1,30,,20266,5,,,1,70,,20267,5,,,1,30,,20268,5,,,1,70,,20269,5,,,1,30,,20270,5,,,1,68,,20271,5,,,1,30,,20272,5,,,1,70,,20273,5,,,1,30,,20221,5,,,1,70,,20222,5,,,1
90200,'Weekday',605,,20276,5,,,1,20,,20277,5,,,1,20,,20278,5,,,1,60,,20279,5,,,1,20,,20280,5,,,1,20,,20281,5,,,1,60,,20282,5,,,1,20,,20283,5,,,1,20,,20284,5,,,1,60,,20285,5,,,1,20,,20286,5,,,1,20,,20287,5,,,1,60,,20288,5,,,1,20,,20289,5,,,1,20,,20290,5,,,1,60,,20291,5,,,1,20,,20292,5,,,1,20,,20293,5,,,1,60,,20294,5,,,1,20,,20295,5,,,1,20,,20296,5,,,1,60,,20297,5,,,1,20,,20298,5,,,1,20,,20299,5,,,1,60,,20300,5,,,1,20,,20301,5,,,1,20,,20302,5,,,1,60,,20303,5,,,1,20,,20304,5,,,1,20,,20305,5,,,1,60,,20306,5,,,1,20,,20307,5,,,1,20,,20308,5,,,1,60,,20309,5,,,1,20,,20310,5,,,1,20,,20311,5,,,1,60,,20312,5,,,1,20,,20313,5,,,1,20,,20314,5,,,1,60,,20315,5,,,1,30,,20316,5,,,1,70,,20317,5,,,1,30,,20318,5,,,1,70,,20319,5,,,1,30,,20320,5,,,1,70,,20321,5,,,1,30,,20322,5,,,1,70,,20323,5,,,1,30,,20274,5,,,1,70,,20275,5,,,1
91700,'SatSun',516,,21019,35,,,1,97,,21060,48,,,1,30,,21020,48,,,1,70,,21021,48,,,1,30,,21022,48,,,1,70,,21023,48,,,1,33,,21024,48,,,1,67,,21025,48,,,1,30,,21026,48,,,1,70,,21027,48,,,1,30,,21028,48,,,1,70,,21029,48,,,1,30,,21030,48,,,1,70,,21031,48,,,1,30,,21032,48,,,1,70,,21033,48,,,1,30,,21034,48,,,1,70,,21035,48,,,1,30,,21036,48,,,1,70,,21037,48,,,1,30,,21038,48,,,1,70,,21039,48,,,1,30,,21040,48,,,1,70,,21041,48,,,1,30,,21042,48,,,1,70,,21043,48,,,1,30,,21044,48,,,1,70,,21045,48,,,1,30,,21046,48,,,1,70,,21047,48,,,1,30,,21048,48,,,1,75,,21049,48,,,1,30,,21050,48,,,1,70,,21051,48,,,1,25,,21052,48,,,1,70,,21053,48,,,1,27,,21054,48,,,1,70,,21055,48,,,1,30,,21056,48,,,1,70,,21057,48,,,1
91700,'Weekday',517,,21101,35,,,1,29,,21083,48,,,1,70,,21100,48,,,1,30,,21067,48,,,1,76,,21066,48,,,1,30,,21064,48,,,1,70,,21099,48,,,1,34,,21081,48,,,1,70,,21073,48,,,1,30,,21080,48,,,1,79,,21072,48,,,1,70,,21095,48,,,1,30,,21084,48,,,1,73,,21077,48,,,1,33,,21076,48,,,1,75,,21094,48,,,1,30,,21074,48,,,1,66,,21090,48,,,1,28,,21063,48,,,1,64,,21097,48,,,1,35,,21082,48,,,1,65,,21061,48,,,1,30,,21078,48,,,1,68,,21089,48,,,1,30,,21092,48,,,1,70,,21071,48,,,1,9,,21068,48,,,1,30,,21075,48,,,1,70,,21086,48,,,1,30,,21069,48,,,1,70,,21065,48,,,1,30,,21085,48,,,1,70,,21087,48,,,1,30,,21091,48,,,1,70,,21098,48,,,1,30,,21088,48,,,1,70,,21096,48,,,1,30,,21079,48,,,1,70,,21070,48,,,1,30,,21093,48,,,1,70,,21062,48,,,1
