11201,'SatSun',808,,13293,21,0,7 11 12,1,30,,13307,21,0,7 11 12,1,70,,13294,21,0,7 11 12,1,30,,13308,21,0,7 11 12,1,70,,13295,21,0,7 11 12,1,30,,13309,21,0,7 11 12,1,70,,13296,21,0,7 11 12,1,30,,13310,21,0,7 11 12,1,70,,13297,21,0,7 11 12,1,30,,13311,21,0,7 11 12,1,70,,13298,21,0,7 11 12,1,30,,13312,21,0,7 11 12,1,70,,13299,21,0,7 11 12,1,30,,13313,21,0,7 11 12,1,70,,13300,21,0,7 11 12,1,30,,13314,21,0,7 11 12,1,70,,13301,21,0,7 11 12,1,30,,13315,21,0,7 11 12,1,70,,13302,21,0,7 11 12,1,30,,13316,21,0,7 11 12,1,70,,13303,21,0,7 11 12,1,30,,13317,21,0,7 11 12,1,70,,13304,21,0,7 11 12,1,30,,13318,21,0,7 11 12,1,70,,13305,21,0,7 11 12,1,30,,13319,21,0,7 11 12,1,70,,13306,21,0,7 11 12,1,30,,13320,21,0,7 11 12,1
11201,'Weekday',543,,13350,28,,,1,70,,13322,28,,,1,30,,13341,28,,,1,70,,13336,28,,,1,30,,13327,28,,,1,70,,13345,28,,,1,30,,13343,28,,,1,70,,13349,28,,,1,30,,13321,28,,,1,70,,13338,28,,,1,30,,13337,28,,,1,70,,13328,28,,,1,30,,13333,28,,,1,64,,13329,28,,,1,27,,13347,28,,,1,66,,13348,28,,,1,30,,13332,28,,,1,70,,13334,28,,,1,33,,13325,28,,,1,70,,13324,28,,,1,30,,13342,28,,,1,70,,13326,28,,,1,33,,13344,28,,,1,70,,13331,28,,,1,30,,13340,28,,,1,70,,13330,28,,,1,36,,13346,28,,,1,72,,13335,28,,,1,24,,13339,28,,,1,66,,13323,28,,,1
11801,'Weekday',614,,13392,16,,,1,32,,13393,16,,,1,68,,13378,16,,,1,30,,13399,16,,,1,70,,13404,16,,,1,30,,13382,16,,,1,70,,13387,16,,,1,30,,13403,16,,,1,70,,13402,16,,,1,30,,13386,16,,,1,70,,13381,16,,,1,30,,13383,16,,,1,70,,13405,16,,,1,30,,13395,16,,,1,73,,13398,16,,,1,24,,13379,16,,,1,71,,13401,16,,,1,23,,13389,16,,,1,76,,13380,16,,,1,25,,13384,16,,,1,71,,13391,16,,,1,30,,13388,16,,,1,73,,13397,16,,,1,35,,13396,16,,,1,70,,13400,16,,,1,25,,13394,16,,,1,70,,13385,16,,,1,30,,13390,16,,,1
12100,'SatSun',717,,13406,34,,,1,28,,13407,34,,,1,70,,13408,34,,,1,30,,13409,34,,,1,70,,13410,34,,,1,30,,13411,34,,,1,70,,13412,34,,,1,30,,13413,34,,,1,70,,13414,34,,,1,30,,13415,34,,,1,70,,13416,34,,,1,33,,13417,34,,,1,70,,13418,34,,,1,30,,13419,34,,,1,70,,13420,34,,,1,30,,13421,34,,,1,70,,13422,34,,,1,30,,13423,34,,,1,70,,13424,34,,,1,30,,13425,34,,,1,70,,13426,34,,,1,30,,13427,34,,,1,70,,13428,34,,,1,30,,13429,34,,,1,70,,13430,34,,,1,30,,13431,34,,,1,70,,13432,34,,,1,30,,13433,34,,,1,70,,13434,34,,,1,30,,13435,34,,,1,70,,13436,34,,,1,30,,13437,34,,,1,70,,13438,34,,,1,30,,13439,34,,,1,70,,13440,34,,,1,30,,13441,34,,,1
12100,'Weekday',500,,13481,34,,,1,35,,13449,34,,,1,88,,13450,34,,,1,35,,13451,34,,,1,73,,13452,34,,,1,70,,13453,34,,,1,30,,13454,34,,,1,70,,13455,34,,,1,30,,13456,34,,,1,27,,13457,34,,,1,70,,13458,34,,,1,30,,13459,34,,,1,67,,13460,34,,,1,30,,13461,34,,,1,66,,13462,34,,,1,23,,13463,34,,,1,70,,13464,34,,,1,30,,13465,34,,,1,70,,13466,34,,,1,33,,13467,34,,,1,70,,13468,34,,,1,33,,13469,35,0,7 11 12,1,70,,13470,35,0,7 11 12,1,30,,13471,35,0,7 11 12,1,70,,13472,35,0,7 11 12,1,30,,13473,35,0,7 11 12,1,70,,13474,35,0,7 11 12,1,27,,13475,34,,,1,70,,13476,34,,,1,25,,13477,34,,,1,70,,13478,34,,,1,30,,13479,34,,,1,70,,13480,34,,,1,30,,13448,34,,,1,70,,13442,34,,,1,30,,13443,34,,,1,70,,13444,34,,,1,30,,13445,34,,,1,70,,13446,34,,,1,30,,13447,34,,,1
21100,'Weekday',620,,13556,5,,,1,30,,13557,5,,,1,70,,13558,5,,,1,30,,13559,5,,,1,70,,13560,5,,,1,30,,13561,5,,,1,567,,13567,5,,,1,229,,13562,5,,,1,70,,13563,5,,,1,30,,13564,5,,,1,70,,13565,5,,,1,30,,13566,5,,,1
90001,'SatSun',710,,15656,44,0,10 11 12 13,1,35,,15657,44,0,10 11 12 13,1,61,,15658,44,0,10 11 12 13,1,30,,15659,44,0,10 11 12 13,1,70,,15660,44,0,10 11 12 13,1,44,,15661,44,0,10 11 12 13,1,70,,15662,44,0,10 11 12 13,1,22,,15663,44,0,10 11 12 13,1,68,,15664,44,0,10 11 12 13,1,30,,15665,44,0,10 11 12 13,1,75,,15666,44,0,10 11 12 13,1,30,,15667,44,0,10 11 12 13,1,70,,15668,44,0,10 11 12 13,1,30,,15669,44,0,10 11 12 13,1,65,,15670,44,0,10 11 12 13,1,30,,15671,44,0,10 11 12 13,1,72,,15672,44,0,10 11 12 13,1,28,,15673,44,0,10 11 12 13,1,70,,15674,44,0,10 11 12 13,1,15,,15675,44,0,10 11 12 13,1,25,,15676,44,0,10 11 12 13,1,70,,15677,44,0,10 11 12 13,1,30,,15678,44,0,10 11 12 13,1,70,,15679,44,0,10 11 12 13,1,30,,15680,44,0,10 11 12 13,1,64,,15681,44,0,10 11 12 13,1,30,,15682,44,0,10 11 12 13,1,70,,15683,44,0,10 11 12 13,1,29,,15684,44,0,10 11 12 13,1,70,,15685,44,0,10 11 12 13,1
90001,'Weekday',647,,15732,44,0,10 11 12 13,1,64,,15733,44,0,10 11 12 13,1,24,,15734,44,0,10 11 12 13,1,24,,15735,44,0,10 11 12 13,1,64,,15687,44,0,10 11 12 13,1,24,,15736,44,0,10 11 12 13,1,70,,15737,44,0,10 11 12 13,1,24,,15738,44,0,10 11 12 13,1,64,,15739,44,0,10 11 12 13,1,24,,15740,44,0,10 11 12 13,1,24,,15741,44,0,10 11 12 13,1,64,,15742,44,0,10 11 12 13,1,24,,15743,44,0,10 11 12 13,1,18,,15744,44,0,10 11 12 13,1,64,,15745,44,0,10 11 12 13,1,24,,15746,44,0,10 11 12 13,1,64,,15747,44,0,10 11 12 13,1,24,,15748,44,0,10 11 12 13,1,24,,15749,44,0,10 11 12 13,1,64,,15750,44,0,10 11 12 13,1,24,,15751,44,0,10 11 12 13,1,64,,15752,44,0,10 11 12 13,1,24,,15753,44,0,10 11 12 13,1,24,,15754,44,0,10 11 12 13,1,64,,15755,44,0,10 11 12 13,1,24,,15756,44,0,10 11 12 13,1,64,,15757,44,0,10 11 12 13,1,24,,15758,44,0,10 11 12 13,1,24,,15759,44,0,10 11 12 13,1,64,,15760,44,0,10 11 12 13,1,24,,15768,44,0,10 11 12 13,1,58,,15761,44,0,10 11 12 13,1,24,,15762,44,0,10 11 12 13,1,24,,15763,44,0,10 11 12 13,1,64,,15764,44,0,10 11 12 13,1,24,,15765,44,0,10 11 12 13,1,64,,15695,44,0,10 11 12 13,1,24,,15766,44,0,10 11 12 13,1
91601,'SatSun',515,,16806,62,,,1,19,,16807,62,,,1,77,,16808,62,,,1,30,,16809,62,,,1,65,,16810,62,,,1,25,,16811,62,,,1,70,,16812,62,,,1,30,,16813,62,,,1,71,,16814,62,,,1,30,,16815,62,,,1,70,,16816,62,,,1,30,,16817,62,,,1,25,,16818,62,,,1,75,,16819,62,,,1,70,,16820,62,,,1,30,,16821,62,,,1,70,,16822,62,,,1,30,,16823,62,,,1,70,,16824,62,,,1,33,,16825,62,,,1,70,,16826,62,,,1,30,,16827,62,,,1,70,,16828,62,,,1,30,,16829,62,,,1,70,,16830,62,,,1,30,,16831,62,,,1,72,,16832,62,,,1,30,,16833,62,,,1,70,,16834,62,,,1,30,,16835,62,,,1,70,,16836,62,,,1,26,,16837,62,,,1,68,,16838,62,,,1,27,,16839,62,,,1,30,,16840,62,,,1,70,,16841,62,,,1,25,,16842,62,,,1,70,,16843,62,,,1,27,,16844,62,,,1,70,,16845,62,,,1,31,,16846,62,,,1
91601,'Weekday',518,,16848,62,,,1,16,,16847,62,,,1,75,,16849,62,,,1,28,,16850,62,,,1,76,,16851,62,,,1,30,,16852,62,,,1,75,,16853,62,,,1,20,,16854,62,,,1,20,,16855,62,,,1,60,,16856,62,,,1,20,,16857,62,,,1,20,,16858,62,,,1,56,,16859,62,,,1,20,,16860,62,,,1,20,,16861,62,,,1,60,,16862,62,,,1,20,,16863,62,,,1,20,,16864,62,,,1,60,,16865,62,,,1,20,,16866,62,,,1,20,,16867,62,,,1,60,,16868,62,,,1,20,,16869,62,,,1,20,,16870,62,,,1,60,,16871,62,,,1,20,,16872,62,,,1,20,,16873,62,,,1,66,,16874,62,,,1,20,,16875,62,,,1,60,,16876,62,,,1,20,,16877,62,,,1,25,,16878,62,,,1,60,,16879,62,,,1,20,,16880,62,,,1,20,,16881,62,,,1,60,,16882,62,,,1,23,,16883,62,,,1,20,,16884,62,,,1,56,,16885,62,,,1,22,,16886,62,,,1,20,,16887,62,,,1,60,,16888,62,,,1,20,,16889,62,,,1,12,,16890,62,,,1,19,,16891,62,,,1,61,,16892,62,,,1,25,,16893,62,,,1,70,,16894,62,,,1,30,,16895,62,,,1,70,,16896,62,,,1,27,,16897,62,,,1,70,,16898,62,,,1,34,,16899,62,,,1
91701,'SatSun',514,,16983,16,,,1,30,,16984,16,,,1,71,,16986,54,,,1,30,,16985,16,,,1,69,,16987,54,,,1,30,,16988,54,,,1,71,,16989,54,,,1,30,,16990,54,,,1,70,,16991,54,,,1,30,,16992,54,,,1,70,,16993,54,,,1,30,,16994,54,,,1,70,,16995,54,,,1,30,,16996,54,,,1,70,,16997,54,,,1,30,,16998,54,,,1,70,,16999,54,,,1,30,,17000,54,,,1,70,,17001,54,,,1,30,,17002,54,,,1,70,,17003,54,,,1,30,,17004,54,,,1,70,,17005,54,,,1,30,,17006,54,,,1,70,,17007,54,,,1,30,,17008,54,,,1,70,,17009,54,,,1,30,,17010,54,,,1,70,,17011,54,,,1,30,,17012,54,,,1,75,,17013,54,,,1,30,,17014,54,,,1,70,,17015,54,,,1,25,,17016,54,,,1,70,,17017,54,,,1,27,,17018,54,,,1,70,,17019,54,,,1,30,,17020,54,,,1,70,,17021,54,,,1,31,,17022,54,,,1,70,,17023,54,,,1
91701,'Weekday',446,,17054,39,,,1,70,,17047,39,,,1,30,,17037,54,,,1,76,,17059,54,,,1,30,,17049,54,,,1,70,,17064,54,,,1,34,,17030,54,,,1,70,,17041,54,,,1,30,,17026,54,,,1,79,,17058,54,,,1,70,,17052,54,,,1,30,,17025,54,,,1,70,,17028,54,,,1,33,,17063,54,,,1,75,,17056,54,,,1,30,,17045,54,,,1,66,,17043,54,,,1,40,,17032,54,,,1,75,,17039,54,,,1,25,,17051,54,,,1,70,,17048,54,,,1,30,,17033,54,,,1,70,,17055,54,,,1,30,,17027,54,,,1,70,,17042,54,,,1,25,,17050,54,,,1,75,,17029,54,,,1,30,,17060,54,,,1,70,,17061,54,,,1,30,,17053,54,,,1,70,,17046,54,,,1,30,,17031,54,,,1,70,,17044,54,,,1,30,,17034,54,,,1,70,,17035,54,,,1,30,,17036,54,,,1,61,,17057,54,,,1,30,,17038,54,,,1,70,,17040,54,,,1,30,,17062,54,,,1,70,,17024,54,,,1
92001,'Weekday',603,,17128,45,0,10 11 12 13,1,28,,17129,45,0,10 11 12 13,1,74,,17118,45,0,10 11 12 13,1,30,,17153,45,0,10 11 12 13,1,23,,17119,45,0,10 11 12 13,1,75,,17120,45,0,10 11 12 13,1,70,,17121,45,0,10 11 12 13,1,30,,17122,45,0,10 11 12 13,1,782,,17123,45,0,10 11 12 13,1,20,,17154,45,0,10 11 12 13,1,20,,17124,45,0,10 11 12 13,1,60,,17125,45,0,10 11 12 13,1,20,,17155,45,0,10 11 12 13,1,20,,17126,45,0,10 11 12 13,1,70,,17156,45,0,10 11 12 13,1
