30200,'SatSun',716,,14000,49,4,,1,30,,14001,49,4,,1,70,,14002,49,4,,1,30,,14003,49,4,,1,70,,14004,49,4,,1,30,,14005,49,4,,1,70,,14006,49,4,,1,30,,14007,49,4,,1,70,,14008,49,4,,1,30,,14009,49,4,,1,70,,14010,49,4,,1,30,,14011,49,4,,1,70,,14012,49,4,,1,30,,14013,49,4,,1,70,,14014,49,4,,1,30,,14015,49,4,,1,70,,14016,49,4,,1,30,,14017,49,4,,1,70,,14018,49,4,,1,30,,14019,49,4,,1,70,,14020,49,4,,1,30,,14021,49,4,,1,70,,14022,49,4,,1,30,,14023,49,4,,1,70,,14024,49,4,,1,30,,14025,49,4,,1,70,,14026,49,4,,1,30,,14027,49,4,,1,70,,14028,49,4,,1,30,,14029,49,4,,1,70,,14030,49,4,,1,30,,14031,49,4,,1,80,,14032,49,4,,1,20,,14033,49,4,,1
30200,'Weekday',517,,14034,23,4,,1,30,,14035,23,4,,1,64,,14036,49,4,,1,30,,14037,49,4,,1,70,,14038,49,4,,1,17,,14072,46,4,,1,13,,14039,49,4,,1,17,,14073,46,4,,1,53,,14040,49,4,,1,17,,14074,46,4,,1,15,,14041,49,4,,1,68,,14042,49,4,,1,30,,14043,49,4,,1,70,,14044,49,4,,1,30,,14045,49,4,,1,70,,14046,49,4,,1,30,,14047,49,4,,1,70,,14048,49,4,,1,30,,14049,49,4,,1,70,,14050,49,4,,1,30,,14051,49,4,,1,70,,14052,49,4,,1,32,,14053,49,4,,1,70,,14054,49,4,,1,30,,14055,49,4,,1,70,,14056,49,4,,1,30,,14057,49,4,,1,60,,14075,46,4,,1,10,,14058,49,4,,1,20,,14076,46,4,,1,10,,14059,49,4,,1,59,,14077,46,4,,1,5,,14060,49,4,,1,16,,14078,46,4,,1,14,,14061,49,4,,1,20,,14079,46,4,,1,50,,14062,49,4,,1,20,,14080,46,4,,1,13,,14063,49,4,,1,70,,14064,49,4,,1,30,,14065,49,4,,1,70,,14066,49,4,,1,30,,14067,49,4,,1,70,,14068,49,4,,1,30,,14069,49,4,,1,70,,14070,49,4,,1,30,,14071,49,4,,1
30201,'SatSun',548,,14081,1,,,1,70,,14082,1,,,1,30,,14083,1,,,1,70,,14084,1,,,1,30,,14085,1,,,1,70,,14086,1,,,1,30,,14087,1,,,1,70,,14088,1,,,1,30,,14097,1,,,1,70,,14098,1,,,1,30,,14099,1,,,1,70,,14100,1,,,1,30,,14101,1,,,1,70,,14102,1,,,1,30,,14103,1,,,1,70,,14104,1,,,1,30,,14105,1,,,1,70,,14106,1,,,1,30,,14107,1,,,1,70,,14108,1,,,1,30,,14109,1,,,1,70,,14110,1,,,1,30,,14111,1,,,1,70,,14112,1,,,1,30,,14113,1,,,1,70,,14089,1,,,1,30,,14090,1,,,1,70,,14091,1,,,1,30,,14092,1,,,1,70,,14093,1,,,1,30,,14094,1,,,1,70,,14095,1,,,1,30,,14096,1,,,1
30201,'Weekday',413,,14114,1,,,1,32,,14115,1,,,1,75,,14116,1,,,1,30,,14117,1,,,1,55,,14150,1,0,5 18 9,1,15,,14118,1,,,1,15,,14151,1,0,5 18 9,1,15,,14119,1,,,1,55,,14152,1,0,5 18 9,1,15,,14120,1,,,1,15,,14153,1,0,5 18 9,1,15,,14121,1,,,1,55,,14154,1,0,5 18 9,1,15,,14122,1,,,1,15,,14155,1,0,5 18 9,1,15,,14123,1,,,1,67,,14124,1,,,1,30,,14125,1,,,1,70,,14126,1,,,1,30,,14127,1,,,1,70,,14128,1,,,1,30,,14129,1,,,1,70,,14130,1,,,1,29,,14131,1,,,1,70,,14132,1,,,1,30,,14133,1,,,1,70,,14134,1,,,1,34,,14135,1,,,1,55,,14156,1,0,5 18 9,1,15,,14136,1,,,1,15,,14157,1,0,5 18 9,1,15,,14137,1,,,1,55,,14158,1,0,5 18 9,1,15,,14138,1,,,1,15,,14159,1,0,5 18 9,1,15,,14139,1,,,1,55,,14160,1,0,5 18 9,1,15,,14140,1,,,1,15,,14161,1,0,5 18 9,1,15,,14141,1,,,1,55,,14162,1,0,5 18 9,1,11,,14142,1,,,1,30,,14143,1,,,1,70,,14144,1,,,1,34,,14145,1,,,1,66,,14146,1,,,1,30,,14147,1,,,1,70,,14148,1,,,1,30,,14149,1,,,1
40700,'Weekday',607,,14645,40,4,,1,30,,14613,40,4,,1,91,,14614,43,4,,1,76,,14615,40,4,,1,31,,14616,43,4,,1,72,,14617,40,4,,1,28,,14618,43,4,,1,75,,14619,40,4,,1,25,,14620,43,4,,1,75,,14621,40,4,,1,25,,14622,43,4,,1,75,,14623,40,4,,1,25,,14624,43,4,,1,75,,14625,40,4,,1,25,,14626,43,4,,1,75,,14627,40,4,,1,25,,14628,43,4,,1,75,,14629,40,4,,1,25,,14630,43,4,,1,75,,14631,40,4,,1,25,,14632,43,4,,1,78,,14633,40,4,,1,22,,14634,43,4,,1,75,,14635,40,4,,1,25,,14636,43,4,,1,75,,14637,40,4,,1,25,,14638,43,4,,1,75,,14639,40,4,,1,18,,14640,40,4,,1,78,,14641,40,4,,1,22,,14642,40,4,,1,25,,14643,40,4,,1,70,,14612,40,4,,1,30,,14644,40,4,,1
40701,'Weekday',811,,14684,1,,,1,30,,14685,1,0,7 26,1,70,,14686,1,,,1,30,,14687,1,0,7 26,1,70,,14688,1,,,1,30,,14689,1,0,7 26,1,70,,14690,1,,,1,30,,14691,1,0,7 26,1,70,,14692,1,,,1,30,,14693,1,0,7 26,1,70,,14694,1,,,1,30,,14695,1,0,7 26,1,70,,14696,1,,,1,30,,14697,1,0,7 26,1,70,,14698,1,,,1,33,,14699,1,0,7 26,1,67,,14700,1,,,1,30,,14701,1,0,7 26,1,70,,14702,1,,,1,30,,14703,1,0,7 26,1,70,,14704,1,,,1,30,,14705,1,0,7 26,1,70,,14706,1,,,1,30,,14707,1,0,7 26,1,70,,14708,1,,,1,30,,14709,1,,,1,70,,14710,1,,,1,30,,14711,1,,,1
90100,'Overnight',611,,15770,36,4,,1,1709,,15772,36,,,1,30,,15771,36,,,1,661,,15769,36,4,,1
90100,'SatSun',629,,15773,36,4,,1,30,,15774,36,4,,1,70,,15775,36,4,,1,17,,15805,23,4,,1,13,,15776,36,4,,1,57,,15806,23,4,,1,13,,15777,36,4,,1,17,,15807,23,4,,1,13,,15778,36,4,,1,57,,15808,23,4,,1,13,,15779,36,4,,1,17,,15809,23,4,,1,13,,15780,36,4,,1,57,,15810,23,4,,1,13,,15781,36,4,,1,17,,15811,23,4,,1,13,,15782,36,4,,1,57,,15812,23,4,,1,13,,15783,36,4,,1,17,,15813,23,4,,1,13,,15784,36,4,,1,57,,15814,23,4,,1,13,,15785,36,4,,1,17,,15815,23,4,,1,13,,15786,36,4,,1,57,,15816,23,4,,1,13,,15787,36,4,,1,17,,15817,23,4,,1,13,,15788,36,4,,1,57,,15818,23,4,,1,13,,15789,36,4,,1,17,,15819,23,4,,1,13,,15790,36,4,,1,47,,15820,23,4,,1,23,,15791,36,4,,1,17,,15821,23,4,,1,13,,15792,36,4,,1,57,,15822,23,4,,1,13,,15793,36,4,,1,17,,15823,23,4,,1,13,,15794,36,4,,1,57,,15824,23,4,,1,13,,15795,36,4,,1,17,,15825,23,4,,1,10,,15796,36,4,,1,60,,15826,23,4,,1,13,,15797,36,4,,1,17,,15827,23,4,,1,13,,15798,36,4,,1,57,,15828,23,4,,1,13,,15799,36,4,,1,17,,15829,23,4,,1,13,,15800,36,4,,1,57,,15830,23,4,,1,13,,15801,36,4,,1,17,,15831,23,4,,1,13,,15802,36,4,,1,57,,15832,23,4,,1,13,,15803,36,4,,1,17,,15833,23,4,,1,58,45,15804,36,,,1,25,,15835,36,4,,1,18,,15837,36,,,1
90100,'Weekday',647,,15839,36,4,,1,59,,15871,23,4,,1,11,,15840,36,4,,1,13,,15872,23,4,,1,10,,15873,23,4,,1,7,,15841,36,4,,1,53,,15874,23,4,,1,10,,15875,23,4,,1,5,,15842,36,4,,1,11,,15876,23,4,,1,10,,15877,23,4,,1,9,,15843,36,4,,1,11,,15878,23,4,,1,50,,15879,23,4,,1,9,,15844,36,4,,1,11,,15880,23,4,,1,10,,15881,23,4,,1,9,,15845,36,4,,1,11,,15882,23,4,,1,50,,15883,23,4,,1,10,,15846,36,4,,1,11,,15884,23,4,,1,10,,15885,23,4,,1,13,,15847,36,4,,1,9,,15886,23,4,,1,50,,15887,23,4,,1,15,,15848,36,4,,1,9,,15888,23,4,,1,10,,15889,23,4,,1,11,,15849,36,4,,1,49,,15890,23,4,,1,10,,15891,23,4,,1,11,,15850,36,4,,1,9,,15892,23,4,,1,10,,15893,23,4,,1,11,,15851,36,4,,1,49,,15894,23,4,,1,10,,15895,23,4,,1,11,,15852,36,4,,1,9,,15896,23,4,,1,10,,15897,23,4,,1,11,,15853,36,4,,1,49,,15898,23,4,,1,10,,15899,23,4,,1,11,,15854,36,4,,1,9,,15900,23,4,,1,10,,15901,23,4,,1,11,,15855,36,4,,1,60,,15902,23,4,,1,10,,15856,36,4,,1,10,,15903,23,4,,1,10,,15904,23,4,,1,12,,15857,36,4,,1,50,,15905,23,4,,1,10,,15906,23,4,,1,10,,15858,36,4,,1,10,,15907,23,4,,1,10,,15908,23,4,,1,10,,15859,36,4,,1,50,,15909,23,4,,1,10,,15910,23,4,,1,7,,15860,36,4,,1,10,,15911,23,4,,1,10,,15912,23,4,,1,10,,15861,36,4,,1,50,,15913,23,4,,1,10,,15914,23,4,,1,10,,15862,36,4,,1,10,,15915,23,4,,1,10,,15916,23,4,,1,8,,15863,36,4,,1,50,,15917,23,4,,1,10,,15918,23,4,,1,10,,15864,36,4,,1,10,,15919,23,4,,1,10,,15920,23,4,,1,8,,15865,36,4,,1,10,,15921,23,4,,1,50,,15922,23,4,,1,7,,15866,36,4,,1,16,,15923,23,4,,1,14,,15867,36,4,,1,56,,15924,23,4,,1,14,,15868,36,4,,1,16,,15925,23,4,,1,14,,15869,36,4,,1,56,,15926,23,4,,1,12,,15870,36,4,,1,18,,15927,23,4,,1,13,,15934,36,,,1
90101,'SatSun',616,,15940,1,0,7 24 25,1,30,,15941,1,0,7 24 25,1,55,,15973,1,0,5 22 23 13,1,15,,15942,1,0,7 24 25,1,15,,15974,1,0,5 22 23 13,1,15,,15943,1,0,7 24 25,1,55,,15975,1,0,5 22 23 13,1,15,,15944,1,0,7 24 25,1,15,,15976,1,0,5 22 23 13,1,15,,15945,1,0,7 24 25,1,55,,15977,1,0,5 22 23 13,1,15,,15946,1,0,7 24 25,1,15,,15978,1,0,5 22 23 13,1,15,,15947,1,0,7 24 25,1,55,,15979,1,0,5 22 23 13,1,15,,15948,1,0,7 24 25,1,15,,15980,1,0,5 22 23 13,1,15,,15949,1,0,7 24 25,1,55,,15981,1,0,5 22 23 13,1,15,,15950,1,0,7 24 25,1,15,,15982,1,0,5 22 23 13,1,15,,15951,1,0,7 24 25,1,55,,15983,1,0,5 22 23 13,1,15,,15952,1,0,7 24 25,1,15,,15984,1,0,5 22 23 13,1,15,,15953,1,0,7 24 25,1,55,,15985,1,0,5 22 23 13,1,15,,15954,1,0,7 24 25,1,15,,15986,1,0,5 22 23 13,1,15,,15955,1,0,7 24 25,1,55,,15987,1,0,5 22 23 13,1,15,,15956,1,0,7 24 25,1,5,,15988,1,0,5 22 23 13,1,25,,15957,1,0,7 24 25,1,55,,15989,1,0,5 22 23 13,1,15,,15958,1,0,7 24 25,1,15,,15990,1,0,5 22 23 13,1,15,,15959,1,0,7 24 25,1,55,,15991,1,0,5 22 23 13,1,15,,15960,1,0,7 24 25,1,15,,15992,1,0,5 22 23 13,1,15,,15961,1,0,7 24 25,1,55,,15993,1,0,5 22 23 13,1,15,,15962,1,0,7 24 25,1,15,,15994,1,0,5 22 23 13,1,15,,15963,1,0,7 24 25,1,55,,15995,1,0,5 22 23 13,1,15,,15964,1,0,7 24 25,1,15,,15996,1,0,5 22 23 13,1,15,,15965,1,0,7 24 25,1,55,,15997,1,0,5 22 23 13,1,15,,15966,1,0,7 24 25,1,15,,15998,1,0,5 22 23 13,1,15,,15967,1,0,7 24 25,1,55,,15999,1,0,5 22 23 13,1,15,,15968,1,0,7 24 25,1,15,,16000,1,0,5 22 23 13,1,15,,15969,1,0,7 24 25,1,55,,16001,1,0,5 22 23 13,1,15,,15970,1,0,7 24 25,1,15,,16002,1,0,5 22 23 13,1,15,,15971,1,0,7 24 25,1,70,,15972,6,0,7 24 25,1,42,2,16005,6,0,7 24 25,1
90101,'Weekday',600,,16006,1,0,7 24 25,1,15,,16040,1,0,5 22 23 13,1,15,,16007,1,0,7 24 25,1,15,,16041,1,0,5 22 23 13,1,55,,16008,1,0,7 24 25,1,10,,16042,1,0,5 22 23 13,1,10,,16043,1,0,5 22 23 13,1,10,,16009,1,0,7 24 25,1,10,,16044,1,0,5 22 23 13,1,10,,16045,1,0,5 22 23 13,1,50,,16010,1,0,7 24 25,1,10,,16046,1,0,5 22 23 13,1,10,,16047,1,0,5 22 23 13,1,10,,16011,1,0,7 24 25,1,10,,16048,1,0,5 22 23 13,1,10,,16049,1,0,5 22 23 13,1,50,,16012,1,0,7 24 25,1,10,,16050,1,0,5 22 23 13,1,10,,16051,1,0,5 22 23 13,1,10,,16013,1,0,7 24 25,1,10,,16052,1,0,5 22 23 13,1,10,,16053,1,0,5 22 23 13,1,50,,16014,1,0,7 24 25,1,10,,16054,1,0,5 22 23 13,1,10,,16055,1,0,5 22 23 13,1,10,,16015,1,0,7 24 25,1,10,,16056,1,0,5 22 23 13,1,10,,16057,1,0,5 22 23 13,1,50,,16016,1,0,7 24 25,1,10,,16058,1,0,5 22 23 13,1,10,,16059,1,0,5 22 23 13,1,10,,16017,1,0,7 24 25,1,10,,16060,1,0,5 22 23 13,1,10,,16061,1,0,5 22 23 13,1,50,,16018,1,0,7 24 25,1,10,,16062,1,0,5 22 23 13,1,10,,16063,1,0,5 22 23 13,1,10,,16019,1,0,7 24 25,1,10,,16064,1,0,5 22 23 13,1,10,,16065,1,0,5 22 23 13,1,50,,16020,1,0,7 24 25,1,10,,16066,1,0,5 22 23 13,1,10,,16067,1,0,5 22 23 13,1,10,,16021,1,0,7 24 25,1,10,,16068,1,0,5 22 23 13,1,10,,16069,1,0,5 22 23 13,1,50,,16022,1,0,7 24 25,1,10,,16070,1,0,5 22 23 13,1,10,,16071,1,0,5 22 23 13,1,10,,16023,1,0,7 24 25,1,10,,16072,1,0,5 22 23 13,1,10,,16073,1,0,5 22 23 13,1,50,,16024,1,0,7 24 25,1,10,,16074,1,0,5 22 23 13,1,10,,16075,1,0,5 22 23 13,1,10,,16025,1,0,7 24 25,1,10,,16076,1,0,5 22 23 13,1,10,,16077,1,0,5 22 23 13,1,50,,16026,1,0,7 24 25,1,10,,16078,1,0,5 22 23 13,1,10,,16079,1,0,5 22 23 13,1,10,,16027,1,0,7 24 25,1,10,,16080,1,0,5 22 23 13,1,10,,16081,1,0,5 22 23 13,1,50,,16028,1,0,7 24 25,1,10,,16082,1,0,5 22 23 13,1,10,,16083,1,0,5 22 23 13,1,10,,16029,1,0,7 24 25,1,10,,16084,1,0,5 22 23 13,1,10,,16085,1,0,5 22 23 13,1,50,,16030,1,0,7 24 25,1,10,,16086,1,0,5 22 23 13,1,10,,16087,1,0,5 22 23 13,1,10,,16031,1,0,7 24 25,1,10,,16088,1,0,5 22 23 13,1,10,,16089,1,0,5 22 23 13,1,50,,16032,1,0,7 24 25,1,15,,16090,1,0,5 22 23 13,1,15,,16033,1,0,7 24 25,1,15,,16091,1,0,5 22 23 13,1,55,,16034,1,0,7 24 25,1,15,,16092,1,0,5 22 23 13,1,15,,16035,1,0,7 24 25,1,15,,16093,1,0,5 22 23 13,1,55,,16036,1,0,7 24 25,1,15,,16094,1,0,5 22 23 13,1,15,,16037,1,0,7 24 25,1,15,,16095,1,0,5 22 23 13,1,55,,16038,1,0,7 24 25,1,15,,16096,1,0,5 22 23 13,1,15,,16039,1,0,7 24 25,1,28,2,16101,6,0,7 24 25,1
92000,'Weekday',736,,17076,50,4,,1,23,,17077,50,4,,1,60,,17078,50,4,,1,20,,17106,50,4,,1,20,,17079,50,4,,1,55,,17080,50,4,,1,25,,17107,50,4,,1,62,,17081,50,4,,1,35,,17084,67,4,,1,20,,17085,67,4,,1,60,,17086,67,4,,1,20,,17087,67,4,,1,20,,17088,67,4,,1,60,,17089,67,4,,1,15,,17090,67,4,,1,20,,17091,67,4,,1,60,,17092,67,4,,1,20,,17093,67,4,,1,20,,17094,67,4,,1,60,,17095,67,4,,1,34,,17096,67,4,,1,60,,17097,67,4,,1,20,,17098,67,4,,1,20,,17099,67,4,,1,60,,17100,67,4,,1,16,,17101,67,4,,1,20,,17102,67,4,,1,60,,17103,67,4,,1,20,,17104,67,4,,1,18,,17108,50,4,,1,74,,17082,50,4,,1,26,,17109,50,4,,1,70,,17083,50,4,,1,30,,17110,50,4,,1,67,,17111,50,4,,1,14,,17105,67,4,,1,20,,17065,67,4,,1,60,,17066,67,4,,1,20,,17067,67,4,,1,30,,17068,67,4,,1,70,,17069,67,4,,1,30,,17070,67,4,,1,70,,17071,67,4,,1,30,,17072,67,4,,1,70,,17073,67,4,,1,30,,17074,67,4,,1,70,,17075,67,4,,1
92001,'Weekday',509,,17128,1,0,10 11 12 13,1,28,,17129,1,0,10 11 12 13,1,74,,17118,1,0,10 11 12 13,1,30,,17153,1,0,10 11 12 13,1,63,,17119,1,0,10 11 12 13,1,35,,17120,1,0,10 11 12 13,1,70,,17121,1,0,10 11 12 13,1,30,,17122,1,0,10 11 12 13,1,64,,17130,1,,,1,20,,17131,1,,,1,20,,17132,1,,,1,60,,17133,1,,,1,20,,17134,1,,,1,20,,17135,1,,,1,60,,17136,1,,,1,20,,17137,1,,,1,20,,17138,1,,,1,60,,17139,1,,,1,20,,17140,1,,,1,20,,17141,1,,,1,60,,17142,1,,,1,20,,17143,1,,,1,20,,17144,1,,,1,60,,17145,1,,,1,20,,17147,1,,,1,20,,17146,1,,,1,60,,17151,1,,,1,20,,17149,1,,,1,20,,17148,1,,,1,60,,17150,1,,,1,20,,17123,1,0,10 11 12 13,1,20,,17154,1,0,10 11 12 13,1,60,,17124,1,0,10 11 12 13,1,20,,17125,1,0,10 11 12 13,1,20,,17155,1,0,10 11 12 13,1,60,,17126,1,0,10 11 12 13,1,30,,17156,1,0,10 11 12 13,1,75,,17127,1,,,1,24,,17152,1,,,1,70,,17112,1,,,1,30,,17113,1,,,1,70,,17114,1,,,1,30,,17115,1,,,1,70,,17116,1,,,1,30,,17117,1,,,1
92100,'Weekday',732,,17174,31,4,,1,10,,17162,31,4,,1,60,,17167,31,4,,1,20,,17158,31,4,,1,20,,17171,31,4,,1,60,,17165,31,4,,1,20,,17169,31,4,,1,20,,17163,31,4,,1,12,,17164,31,4,,1,60,,17175,31,4,,1,724,,17160,31,4,,1,15,,17170,31,4,,1,60,,17157,31,4,,1,20,,17168,31,4,,1,22,,17166,31,4,,1,60,,17159,31,4,,1,20,,17161,31,4,,1,20,,17172,31,4,,1,46,,17173,31,4,,1
92101,'Weekday',514,,17182,1,,,1,20,,17177,1,,,1,20,,17185,1,,,1,60,,17181,1,,,1,20,,17193,1,,,1,20,,17178,1,,,1,60,,17192,1,,,1,20,,17180,1,,,1,20,,17184,1,,,1,60,,17195,1,,,1,20,,17194,1,,,1,20,,17187,1,,,1,770,,17179,1,,,1,20,,17191,1,,,1,60,,17190,1,,,1,20,,17188,1,,,1,20,,17183,1,,,1,60,,17189,1,,,1,20,,17186,1,,,1,25,,17176,1,,,1
1400000200,'Overnight',327,,17230,34,,,1,30,,17225,34,,,1,70,,17219,34,,,1,27,,17229,34,,,1,70,,17223,34,,,1,1902,,17222,34,,,1,30,,17218,34,,,1,68,,17231,34,,,1,30,,17217,34,,,1,70,,17220,34,,,1,33,,17224,34,,,1,70,,17221,34,,,1,30,,17227,34,,,1,70,,17226,34,,,1,27,,17228,34,,,1,70,,17232,34,,,1
1400000201,'Overnight',311,5,17243,5,,,1,30,5,17238,5,,,1,67,2,17242,5,,,1,30,2,17236,5,,,1,65,,17237,5,,,1,30,,17239,5,,,1,1807,6,17233,5,,,1,70,6,17245,5,,,1,28,3,17244,5,,,1,70,3,17234,5,,,1,30,5,17235,5,,,1,65,,17240,5,4,,1,8,,17246,1,,,1,22,,17241,5,4,,1,8,,17247,1,,,1,70,5,17248,5,,,1,30,5,17249,5,,,1,67,2,17250,5,,,1,30,2,17251,5,,,1,65,,17252,5,,,1,30,,17253,5,,,1
