40300,'SatSun',654,,14296,27,4,,1,70,,14297,27,4,,1,30,,14298,27,4,,1,70,,14299,27,4,,1,30,,14300,27,4,,1,70,,14301,27,4,,1,30,,14302,27,4,,1,72,,14303,27,4,,1,30,,14304,27,4,,1,66,,14305,27,4,,1,30,,14306,27,4,,1,74,,14307,27,4,,1,30,,14308,27,4,,1,70,,14309,27,4,,1,30,,14310,27,4,,1,70,,14311,27,4,,1,30,,14312,27,4,,1,70,,14313,27,4,,1,30,,14314,27,4,,1,66,,14315,27,4,,1,34,,14316,27,4,,1,70,,14317,27,4,,1,33,,14318,27,4,,1,67,,14319,27,4,,1,30,,14320,27,4,,1,70,,14321,27,4,,1,30,,14322,27,4,,1,70,,14323,27,4,,1,30,,14324,27,4,,1,70,,14325,27,4,,1,30,,14326,27,4,,1
40300,'Weekday',630,,14347,27,4,,1,16,,14331,14,4,,1,54,,14363,27,4,,1,16,,14332,14,4,,1,14,,14358,27,4,,1,16,,14333,14,4,,1,54,,14364,27,4,,1,16,,14334,14,4,,1,14,,14365,27,4,,1,70,,14366,27,4,,1,30,,14367,27,4,,1,72,,14368,27,4,,1,30,,14369,27,4,,1,70,,14370,27,4,,1,30,,14327,27,4,,1,70,,14328,27,4,,1,30,,14329,27,4,,1,70,,14330,27,4,,1,30,,14341,27,4,,1,70,,14342,27,4,,1,30,,14343,27,4,,1,73,,14344,27,4,,1,22,,14345,27,4,,1,15,,14335,14,4,,1,15,,14346,27,4,,1,55,,14336,14,4,,1,15,,14348,27,4,,1,15,,14337,14,4,,1,15,,14349,27,4,,1,55,,14338,14,4,,1,15,,14350,27,4,,1,15,,14339,14,4,,1,15,,14351,27,4,,1,55,,14340,14,4,,1,15,,14352,27,4,,1,30,,14353,27,4,,1,70,,14354,27,4,,1,29,,14355,27,4,,1,70,,14356,27,4,,1,30,,14357,27,4,,1,70,,14359,27,4,,1,30,,14360,27,4,,1,70,,14361,27,4,,1,30,,14362,27,4,,1
40301,'SatSun',600,,14371,1,,,1,30,,14372,1,,,1,70,,14373,1,,,1,30,,14374,1,,,1,70,,14375,1,,,1,30,,14376,1,,,1,70,,14377,1,,,1,30,,14378,1,,,1,70,,14379,1,,,1,30,,14380,1,,,1,70,,14381,1,,,1,30,,14382,1,,,1,70,,14383,1,,,1,30,,14384,1,,,1,70,,14385,1,,,1,30,,14386,1,,,1,70,,14387,1,,,1,30,,14388,1,,,1,70,,14389,1,,,1,30,,14390,1,,,1,70,,14391,1,,,1,30,,14392,1,,,1,73,,14393,1,,,1,27,,14394,1,,,1,70,,14395,1,,,1,30,,14396,1,,,1,70,,14397,1,,,1,30,,14398,1,,,1,70,,14399,1,,,1,30,,14400,1,,,1,70,,14401,1,,,1,30,,14402,1,,,1,70,,14403,1,,,1
40301,'Weekday',603,,14414,1,,,1,30,,14413,1,,,1,20,,14404,1,0,10 31 32,1,50,,14415,1,,,1,20,,14405,1,0,10 31 32,1,10,,14416,1,,,1,20,,14406,1,0,10 31 32,1,50,,14417,1,,,1,30,,14418,1,,,1,70,,14419,1,,,1,28,,14420,1,,,1,70,,14421,1,,,1,30,,14422,1,,,1,70,,14423,1,,,1,30,,14424,1,,,1,70,,14425,1,,,1,30,,14426,1,,,1,70,,14427,1,,,1,30,,14428,1,,,1,70,,14429,1,,,1,25,,14430,1,,,1,30,,14431,1,,,1,63,,14407,1,0,10 31 32,1,7,,14432,1,,,1,23,,14408,1,0,10 31 32,1,7,,14433,1,,,1,63,,14409,1,0,10 31 32,1,7,,14434,1,,,1,23,,14410,1,0,10 31 32,1,7,,14435,1,,,1,63,,14411,1,0,10 31 32,1,7,,14436,1,,,1,23,,14412,1,0,10 31 32,1,7,,14437,1,,,1,70,,14438,1,,,1,30,,14439,1,,,1,70,,14440,1,,,1,30,,14441,1,,,1,70,,14442,1,,,1,30,,14443,1,,,1,70,,14444,1,,,1,74,,14445,1,,,1,32,,14446,1,,,1
40500,'Overnight',2205,,14447,1,,,1,30,,14448,1,,,1
40500,'SatSun',635,,14449,1,,,1,70,,14450,1,,,1,30,,14451,1,,,1,70,,14452,1,,,1,30,,14453,1,,,1,70,,14454,1,,,1,30,,14455,1,,,1,70,,14456,1,,,1,30,,14457,1,,,1,70,,14458,1,,,1,30,,14459,1,,,1,70,,14460,1,,,1,30,,14461,1,,,1,70,,14462,1,,,1,30,,14463,1,,,1,70,,14464,1,,,1,30,,14465,1,,,1,70,,14466,1,,,1,30,,14467,1,,,1,70,,14468,1,,,1,30,,14469,1,,,1,70,,14470,1,,,1,30,,14471,1,,,1,70,,14472,1,,,1,30,,14473,1,,,1,70,,14474,1,,,1,30,,14475,1,,,1,70,,14476,1,,,1,30,,14477,1,,,1,70,,14478,1,,,1,30,,14479,1,,,1
40500,'Weekday',558,,14496,1,,,1,80,,14497,1,,,1,72,,14498,1,,,1,30,,14499,1,,,1,70,,14500,1,,,1,30,,14501,1,,,1,70,,14502,1,,,1,30,,14503,1,,,1,70,,14504,1,,,1,30,,14505,1,,,1,70,,14506,1,,,1,30,,14507,1,,,1,70,,14508,1,,,1,25,,14509,1,,,1,70,,14510,1,,,1,35,,14511,1,,,1,70,,14480,1,,,1,30,,14481,1,,,1,70,,14482,1,,,1,25,,14483,1,,,1,70,,14484,1,,,1,30,,14485,1,,,1,70,,14486,1,,,1,30,,14487,1,,,1,66,,14488,1,,,1,29,,14489,1,,,1,70,,14490,1,,,1,35,,14491,1,,,1,70,,14492,1,,,1,30,,14493,1,,,1,70,,14494,1,,,1,30,,14495,1,,,1
40501,'SatSun',656,,14512,41,4,,1,70,,14513,41,4,,1,30,,14514,41,4,,1,70,,14515,41,4,,1,30,,14516,41,4,,1,70,,14517,41,4,,1,30,,14518,41,4,,1,73,,14519,41,4,,1,30,,14520,41,4,,1,70,,14521,41,4,,1,30,,14522,41,4,,1,70,,14523,41,4,,1,30,,14524,41,4,,1,70,,14525,41,4,,1,30,,14526,41,4,,1,70,,14527,41,4,,1,30,,14528,41,4,,1,70,,14529,41,4,,1,30,,14530,41,4,,1,70,,14531,41,4,,1,30,,14532,41,4,,1,70,,14533,41,4,,1,30,,14534,41,4,,1,70,,14535,41,4,,1,30,,14536,41,4,,1,67,,14537,41,4,,1,30,,14538,41,4,,1,70,,14539,41,4,,1,30,,14540,41,4,,1,70,,14541,41,4,,1,30,,14542,41,4,,1,70,,14543,41,4,,1,30,,14544,41,4,,1
40501,'Weekday',630,,14562,41,4,,1,70,,14563,41,4,,1,30,,14564,41,4,,1,25,,14565,41,4,,1,74,,14566,41,4,,1,30,,14567,41,4,,1,67,,14568,41,4,,1,30,,14569,41,4,,1,70,,14570,41,4,,1,30,,14571,41,4,,1,70,,14572,41,4,,1,30,,14573,41,4,,1,70,,14574,41,4,,1,30,,14575,41,4,,1,70,,14576,41,4,,1,30,,14577,41,4,,1,64,,14578,41,4,,1,30,,14545,41,4,,1,71,,14546,41,4,,1,30,,14547,41,4,,1,72,,14549,41,4,,1,28,,14550,41,4,,1,72,,14551,41,4,,1,28,,14552,41,4,,1,68,,14553,41,4,,1,30,,14554,41,4,,1,64,,14555,41,4,,1,30,,14556,41,4,,1,62,,14557,41,4,,1,35,,14548,41,4,,1,70,,14558,41,4,,1,30,,14559,41,4,,1,70,,14560,41,4,,1,30,,14561,41,4,,1
40900,'SatSun',653,,14712,1,,,1,70,,14713,1,,,1,30,,14714,1,,,1,70,,14715,1,,,1,30,,14716,1,,,1,70,,14717,1,,,1,30,,14718,1,,,1,70,,14719,1,,,1,30,,14720,1,,,1,70,,14721,1,,,1,30,,14722,1,,,1,70,,14723,1,,,1,30,,14724,1,,,1,70,,14725,1,,,1,30,,14726,1,,,1,70,,14727,1,,,1,30,,14728,1,,,1,70,,14729,1,,,1,30,,14730,1,,,1,70,,14731,1,,,1,30,,14732,1,,,1,70,,14733,1,,,1,30,,14734,1,,,1,70,,14735,1,,,1,30,,14736,1,,,1,70,,14737,1,,,1,30,,14740,1,,,1,70,,14741,1,,,1,30,,14742,1,,,1,70,,14743,1,,,1,30,,14738,1,,,1,70,,14744,1,,,1,30,,14739,1,,,1
40900,'Weekday',633,,14751,1,,,1,70,,14752,1,,,1,30,,14753,1,,,1,70,,14754,1,,,1,30,,14755,1,,,1,70,,14756,1,,,1,30,,14757,1,,,1,26,,14758,1,0,5 20 21,1,74,,14759,1,,,1,70,,14760,1,,,1,30,,14761,1,,,1,26,,14762,1,0,5 20 21,1,74,,14763,1,,,1,70,,14764,1,,,1,30,,14765,1,,,1,26,,14766,1,0,5 20 21,1,74,,14767,1,,,1,70,,14768,1,,,1,30,,14769,1,,,1,72,,14770,1,0,5 20 21,1,28,,14771,1,,,1,70,,14772,1,,,1,30,,14773,1,,,1,70,,14774,1,,,1,30,,14775,1,,,1,70,,14776,1,,,1,30,,14745,1,,,1,70,,14746,1,,,1,30,,14747,1,,,1,70,,14748,1,,,1,30,,14749,1,,,1,82,,14750,1,,,1
40901,'SatSun',702,,14777,28,4,,1,30,,14778,28,4,,1,70,,14779,28,4,,1,30,,14780,28,4,,1,70,,14781,28,4,,1,30,,14782,28,4,,1,70,,14783,28,4,,1,30,,14784,28,4,,1,70,,14785,28,4,,1,30,,14786,28,4,,1,70,,14787,28,4,,1,30,,14788,28,4,,1,70,,14789,28,4,,1,30,,14790,28,4,,1,73,,14791,28,4,,1,30,,14792,28,4,,1,70,,14793,28,4,,1,30,,14794,28,4,,1,70,,14795,28,4,,1,30,,14796,28,4,,1,70,,14797,28,4,,1,30,,14798,28,4,,1,70,,14799,28,4,,1,30,,14800,28,4,,1,70,,14801,28,4,,1,30,,14802,28,4,,1,70,,14803,28,4,,1,30,,14804,28,4,,1,70,,14807,28,4,,1,30,,14808,28,4,,1,70,,14809,28,4,,1,30,,14805,28,4,,1,70,,14810,28,4,,1,30,,14806,28,4,,1
40901,'Weekday',655,,14843,28,4,,1,70,,14817,28,4,,1,30,,14818,28,4,,1,70,,14819,28,4,,1,30,,14820,28,4,,1,70,,14821,28,4,,1,30,,14822,28,4,,1,74,,14823,34,4,,1,26,,14824,28,4,,1,70,,14825,28,4,,1,30,,14826,28,4,,1,73,,14827,34,4,,1,27,,14828,28,4,,1,70,,14829,28,4,,1,30,,14830,28,4,,1,74,,14831,34,4,,1,26,,14832,28,4,,1,70,,14833,28,4,,1,31,,14834,27,4,,1,69,,14835,28,4,,1,30,,14836,28,4,,1,70,,14837,28,4,,1,30,,14838,28,4,,1,70,,14839,28,4,,1,30,,14840,28,4,,1,70,,14841,28,4,,1,30,,14842,28,4,,1,70,,14811,28,4,,1,30,,14812,28,4,,1,70,,14813,28,4,,1,30,,14814,28,4,,1,70,,14815,28,4,,1,83,,14816,28,4,,1
41000,'SatSun',645,,14844,1,,,1,70,,14845,1,,,1,30,,14846,1,,,1,70,,14847,1,,,1,30,,14848,1,,,1,70,,14849,1,,,1,30,,14850,1,,,1,70,,14851,1,,,1,30,,14852,1,,,1,70,,14853,1,,,1,30,,14854,1,,,1,70,,14855,1,,,1,30,,14856,1,,,1,70,,14857,1,,,1,30,,14858,1,,,1,70,,14859,1,,,1,30,,14860,1,,,1,70,,14861,1,,,1,30,,14862,1,,,1,70,,14863,1,,,1,30,,14864,1,,,1,70,,14876,1,,,1,30,,14865,1,,,1,70,,14866,1,,,1,30,,14867,1,,,1,70,,14868,1,,,1,30,,14869,1,,,1,70,,14870,1,,,1,30,,14871,1,,,1,70,,14872,1,,,1,30,,14873,1,,,1,70,,14874,1,,,1,30,,14875,1,,,1
41000,'Weekday',610,,14877,1,,,1,30,,14878,1,,,1,70,,14879,1,,,1,30,,14880,1,,,1,70,,14881,1,,,1,30,,14882,1,,,1,70,,14883,1,,,1,30,,14884,1,,,1,70,,14885,1,,,1,30,,14886,1,,,1,70,,14887,1,,,1,30,,14888,1,,,1,70,,14889,1,,,1,30,,14890,1,,,1,70,,14891,1,,,1,30,,14892,1,,,1,80,,14893,1,,,1,20,,14894,1,,,1,70,,14895,1,,,1,30,,14896,1,,,1,70,,14897,1,,,1,30,,14898,1,,,1,70,,14899,1,,,1,36,,14900,1,,,1,64,,14901,1,,,1,30,,14902,1,,,1,71,,14903,1,,,1,29,,14904,1,,,1,70,,14905,1,,,1,30,,14906,1,,,1,70,,14907,1,,,1,30,,14908,1,,,1,70,,14909,1,,,1,30,,14910,1,,,1,70,,14911,1,,,1
41001,'SatSun',645,,14912,40,4,,1,70,,14913,40,4,,1,30,,14914,40,4,,1,70,,14915,40,4,,1,30,,14916,40,4,,1,70,,14917,40,4,,1,30,,14918,40,4,,1,72,,14919,40,4,,1,30,,14920,40,4,,1,70,,14921,40,4,,1,30,,14922,40,4,,1,70,,14923,40,4,,1,30,,14924,40,4,,1,70,,14925,40,4,,1,30,,14926,40,4,,1,70,,14927,40,4,,1,30,,14928,40,4,,1,70,,14929,40,4,,1,30,,14930,40,4,,1,70,,14931,40,4,,1,30,,14932,40,4,,1,70,,14933,40,4,,1,29,,14934,40,4,,1,70,,14935,40,4,,1,30,,14936,40,4,,1,70,,14937,40,4,,1,30,,14938,40,4,,1,70,,14939,40,4,,1,30,,14940,40,4,,1,70,,14941,40,4,,1,30,,14942,40,4,,1,70,,14943,40,4,,1,30,,14944,40,4,,1
41001,'Weekday',605,,14978,40,4,,1,45,,14945,40,4,,1,70,,14946,40,4,,1,32,,14947,40,4,,1,70,,14948,40,4,,1,30,,14949,40,4,,1,70,,14950,40,4,,1,30,,14951,40,4,,1,70,,14952,40,4,,1,30,,14953,40,4,,1,70,,14954,40,4,,1,30,,14955,40,4,,1,70,,14956,40,4,,1,30,,14957,40,4,,1,70,,14958,40,4,,1,30,,14959,40,4,,1,70,,14960,40,4,,1,30,,14961,40,4,,1,69,,14962,40,4,,1,30,,14963,40,4,,1,70,,14964,40,4,,1,30,,14965,40,4,,1,70,,14966,40,4,,1,30,,14967,40,4,,1,70,,14968,40,4,,1,30,,14969,40,4,,1,70,,14970,40,4,,1,25,,14971,40,4,,1,62,,14972,40,4,,1,27,,14973,40,4,,1,70,,14974,40,4,,1,30,,14975,40,4,,1,70,,14976,40,4,,1,30,,14977,40,4,,1,70,,14980,40,4,,1,30,,14979,40,4,,1,70,,14981,40,4,,1,19,,14982,40,4,,1,100,,14983,40,4,,1
42100,'SatSun',947,,15114,1,,,1,70,,15115,1,,,1,30,,15116,1,,,1,70,,15117,1,,,1,30,,15118,1,,,1,70,,15119,1,,,1,30,,15120,1,,,1,70,,15121,1,,,1,30,,15122,1,,,1,70,,15123,1,,,1,30,,15124,1,,,1,70,,15125,1,,,1,30,,15126,1,,,1,70,,15127,1,,,1,30,,15128,1,,,1,70,,15129,1,,,1,30,,15130,1,,,1,73,,15131,1,0,10 26,1,30,,15132,1,0,10 26,1
42100,'Weekday',600,,15133,6,0,7 30,1,30,,15134,6,0,7 30,1,70,,15135,6,0,7 30,1,31,,15136,6,0,7 30,1,82,,15137,6,0,7 30,1,30,,15138,6,0,7 30,1,70,,15139,6,0,7 30,1,25,,15140,6,0,7 30,1,75,,15141,6,0,7 30,1,30,,15142,6,0,7 30,1,70,,15143,6,0,7 30,1,30,,15144,6,0,7 30,1,70,,15145,6,0,7 30,1,90,,15146,6,0,7 30,1,39,,15147,6,0,5 30,1,65,,15148,6,0,7 30,1,31,,15149,6,0,7 30,1,70,,15150,6,0,7 30,1,36,,15159,6,0,7 30,1,64,,15161,6,0,7 30,1,30,,15160,6,0,7 30,1
42101,'SatSun',959,,15162,15,4,,1,70,,15163,15,4,,1,75,,15164,44,4,,1,30,,15165,44,4,,1,70,,15166,44,4,,1,30,,15167,44,4,,1,70,,15168,44,4,,1,30,,15169,44,4,,1,70,,15170,44,4,,1,30,,15171,44,4,,1,70,,15172,44,4,,1,30,,15173,44,4,,1,70,,15174,44,4,,1,30,,15175,44,4,,1,70,,15176,44,4,,1,30,,15177,44,4,,1,70,,15178,44,4,,1,30,,15179,44,4,,1,70,,15180,44,4,,1
42101,'Weekday',1024,,15189,41,0,7 22 9,1,30,,15190,41,0,7 22 9,1,65,,15191,41,0,7 22 9,1,35,,15192,41,0,7 22 9,1,70,,15193,41,0,7 22 9,1,30,,15194,41,0,7 22 9,1,68,,15195,41,0,7 22 9,1,28,,15196,41,0,7 22 9,1,95,,15197,41,0,7 22 9,1,72,,15198,41,0,7 22 9,1,29,,15199,41,0,7 22 9,1,70,,15200,41,0,7 22 9,1,30,,15201,41,0,7 22 9,1,74,,15202,41,0,7 22 9,1,26,,15203,41,0,7 22 9,1,73,,15204,41,0,7 22 9,1,30,,15205,41,0,7 22 9,1,74,,15206,41,0,7 22 9,1,30,,15207,41,0,7 22 9,1,70,,15208,41,0,7 22 9,1
42300,'Weekday',655,,15209,1,,,1,70,,15210,1,,,1,30,,15211,1,,,1,70,,15212,1,,,1,30,,15213,1,,,1,70,,15226,1,,,1,30,,15227,1,,,1,70,,15228,1,,,1,30,,15220,1,,,1,70,,15221,1,,,1,30,,15222,1,,,1,70,,15223,1,,,1,30,,15225,1,,,1,70,,15229,1,,,1,30,,15230,1,,,1,70,,15231,1,,,1,30,,15224,1,,,1,70,,15232,1,,,1,30,,15214,1,,,1,70,,15215,1,,,1,30,,15216,1,,,1,70,,15217,1,,,1,30,,15218,1,,,1,70,,15219,1,,,1,30,,15233,1,,,1,70,,15234,1,,,1,30,,15235,1,,,1
42301,'Weekday',636,,15236,42,4,,1,70,,15237,42,4,,1,32,,15238,42,4,,1,72,,15246,42,4,,1,30,,15247,42,4,,1,70,,15248,42,4,,1,30,,15256,42,4,,1,70,,15257,42,4,,1,30,,15258,42,4,,1,70,,15259,42,4,,1,30,,15260,42,4,,1,70,,15250,42,4,,1,30,,15251,42,4,,1,70,,15252,42,4,,1,30,,15253,42,4,,1,70,,15255,42,4,,1,30,,15261,42,4,,1,70,,15254,42,4,,1,30,,15262,42,4,,1,70,,15249,42,4,,1,30,,15239,42,4,,1,70,,15240,42,4,,1,34,,15241,42,4,,1,66,,15242,42,4,,1,30,,15243,42,4,,1,68,,15244,42,4,,1,30,,15245,42,4,,1
90100,'SatSun',724,,15805,1,0,10 16 17 13,1,30,,15806,1,0,10 16 17 13,1,70,,15807,1,0,10 16 17 13,1,30,,15808,1,0,10 16 17 13,1,70,,15809,1,0,10 16 17 13,1,30,,15810,1,0,10 16 17 13,1,70,,15811,1,0,10 16 17 13,1,30,,15812,1,0,10 16 17 13,1,70,,15813,1,0,10 16 17 13,1,30,,15814,1,0,10 16 17 13,1,70,,15815,1,0,10 16 17 13,1,30,,15816,1,0,10 16 17 13,1,70,,15817,1,0,10 16 17 13,1,30,,15818,1,0,10 16 17 13,1,70,,15819,1,0,10 16 17 13,1,20,,15820,1,0,10 16 17 13,1,80,,15821,1,0,10 16 17 13,1,30,,15822,1,0,10 16 17 13,1,70,,15823,1,0,10 16 17 13,1,30,,15824,1,0,10 16 17 13,1,70,,15825,1,0,10 16 17 13,1,30,,15826,1,0,10 16 17 13,1,70,,15827,1,0,10 16 17 13,1,30,,15828,1,0,10 16 17 13,1,70,,15829,1,0,10 16 17 13,1,30,,15830,1,0,10 16 17 13,1,70,,15831,1,0,10 16 17 13,1,30,,15832,1,0,10 16 17 13,1,70,,15833,1,0,10 16 17 13,1
90100,'Weekday',639,,15871,1,0,10 16 17 13,1,64,,15872,1,0,10 16 17 13,1,10,,15873,1,0,10 16 17 13,1,20,,15874,1,0,10 16 17 13,1,10,,15875,1,0,10 16 17 13,1,60,,15876,1,0,10 16 17 13,1,10,,15877,1,0,10 16 17 13,1,20,,15878,1,0,10 16 17 13,1,10,,15879,1,0,10 16 17 13,1,60,,15880,1,0,10 16 17 13,1,10,,15881,1,0,10 16 17 13,1,20,,15882,1,0,10 16 17 13,1,10,,15883,1,0,10 16 17 13,1,61,,15884,1,0,10 16 17 13,1,10,,15885,1,0,10 16 17 13,1,20,,15886,1,0,10 16 17 13,1,10,,15887,1,0,10 16 17 13,1,64,,15888,1,0,10 16 17 13,1,10,,15889,1,0,10 16 17 13,1,20,,15890,1,0,10 16 17 13,1,10,,15891,1,0,10 16 17 13,1,60,,15892,1,0,10 16 17 13,1,10,,15893,1,0,10 16 17 13,1,20,,15894,1,0,10 16 17 13,1,10,,15895,1,0,10 16 17 13,1,60,,15896,1,0,10 16 17 13,1,10,,15897,1,0,10 16 17 13,1,20,,15898,1,0,10 16 17 13,1,10,,15899,1,0,10 16 17 13,1,60,,15900,1,0,10 16 17 13,1,10,,15901,1,0,10 16 17 13,1,30,,15902,1,0,10 16 17 13,1,60,,15903,1,0,10 16 17 13,1,10,,15904,1,0,10 16 17 13,1,22,,15905,1,0,10 16 17 13,1,10,,15906,1,0,10 16 17 13,1,60,,15907,1,0,10 16 17 13,1,10,,15908,1,0,10 16 17 13,1,20,,15909,1,0,10 16 17 13,1,10,,15910,1,0,10 16 17 13,1,57,,15911,1,0,10 16 17 13,1,10,,15912,1,0,10 16 17 13,1,20,,15913,1,0,10 16 17 13,1,10,,15914,1,0,10 16 17 13,1,60,,15915,1,0,10 16 17 13,1,10,,15916,1,0,10 16 17 13,1,20,,15917,1,0,10 16 17 13,1,10,,15918,1,0,10 16 17 13,1,60,,15919,1,0,10 16 17 13,1,10,,15920,1,0,10 16 17 13,1,18,,15921,1,0,10 16 17 13,1,10,,15922,1,0,10 16 17 13,1,65,,15923,1,0,10 16 17 13,1,30,,15924,1,0,10 16 17 13,1,70,,15925,1,0,10 16 17 13,1,30,,15926,1,0,10 16 17 13,1,70,,15927,1,0,10 16 17 13,1
90101,'SatSun',722,,15973,22,4,,1,30,,15974,22,4,,1,70,,15975,22,4,,1,30,,15976,22,4,,1,70,,15977,22,4,,1,30,,15978,22,4,,1,70,,15979,22,4,,1,30,,15980,22,4,,1,70,,15981,22,4,,1,30,,15982,22,4,,1,70,,15983,22,4,,1,30,,15984,22,4,,1,70,,15985,22,4,,1,30,,15986,22,4,,1,70,,15987,22,4,,1,20,,15988,22,4,,1,80,,15989,22,4,,1,30,,15990,22,4,,1,70,,15991,22,4,,1,30,,15992,22,4,,1,70,,15993,22,4,,1,30,,15994,22,4,,1,70,,15995,22,4,,1,30,,15996,22,4,,1,70,,15997,22,4,,1,30,,15998,22,4,,1,70,,15999,22,4,,1,30,,16000,22,4,,1,70,,16001,22,4,,1,30,,16002,22,4,,1
90101,'Weekday',636,,16040,22,4,,1,70,,16041,22,4,,1,25,,16042,22,4,,1,10,,16043,22,4,,1,60,,16044,22,4,,1,10,,16045,22,4,,1,20,,16046,22,4,,1,10,,16047,22,4,,1,60,,16048,22,4,,1,11,,16049,22,4,,1,20,,16050,22,4,,1,10,,16051,22,4,,1,60,,16052,22,4,,1,14,,16053,22,4,,1,20,,16054,22,4,,1,10,,16055,22,4,,1,60,,16056,22,4,,1,10,,16057,22,4,,1,20,,16058,22,4,,1,10,,16059,22,4,,1,60,,16060,22,4,,1,10,,16061,22,4,,1,20,,16062,22,4,,1,10,,16063,22,4,,1,60,,16064,22,4,,1,10,,16065,22,4,,1,20,,16066,22,4,,1,10,,16067,22,4,,1,60,,16068,22,4,,1,10,,16069,22,4,,1,22,,16070,22,4,,1,10,,16071,22,4,,1,60,,16072,22,4,,1,10,,16073,22,4,,1,20,,16074,22,4,,1,10,,16075,22,4,,1,57,,16076,22,4,,1,10,,16077,22,4,,1,20,,16078,22,4,,1,10,,16079,22,4,,1,60,,16080,22,4,,1,10,,16081,22,4,,1,20,,16082,22,4,,1,10,,16083,22,4,,1,60,,16084,22,4,,1,10,,16085,22,4,,1,18,,16086,22,4,,1,10,,16087,22,4,,1,60,,16088,22,4,,1,10,,16089,22,4,,1,25,,16090,22,4,,1,70,,16091,22,4,,1,30,,16092,22,4,,1,68,,16093,22,4,,1,30,,16094,22,4,,1,70,,16095,22,4,,1,30,,16096,22,4,,1
90200,'SatSun',645,7,16121,6,,,1,70,7,16122,6,,,1,30,7,16123,6,,,1,70,7,16124,6,,,1,30,7,16125,6,,,1,70,7,16126,6,,,1,30,5,16127,6,,,1,55,,16104,1,0,10 30,1,15,5,16128,6,,,1,15,,16105,1,0,10 30,1,15,5,16129,6,,,1,55,,16106,1,0,10 30,1,15,5,16130,6,,,1,15,,16107,1,0,10 30,1,15,5,16131,6,,,1,55,,16108,1,0,10 30,1,15,5,16132,6,,,1,15,,16109,1,0,10 30,1,15,5,16133,6,,,1,55,,16110,1,0,10 30,1,15,5,16134,6,,,1,15,,16111,1,0,10 30,1,15,5,16135,6,,,1,55,,16112,1,0,10 30,1,15,5,16136,6,,,1,15,,16113,1,0,10 30,1,15,5,16137,6,,,1,55,,16114,1,0,10 30,1,15,5,16138,6,,,1,15,,16115,1,0,10 30,1,15,5,16139,6,,,1,55,,16116,1,0,10 30,1,15,5,16140,6,,,1,15,,16117,1,0,10 30,1,15,5,16141,6,,,1,55,,16118,1,0,10 30,1,15,5,16142,6,,,1,15,,16119,1,0,10 30,1,15,5,16143,6,,,1,55,,16120,1,0,10 30,1,15,5,16144,6,,,1,30,5,16145,6,,,1,70,5,16146,6,,,1,30,5,16147,6,,,1,70,5,16148,6,,,1,30,5,16149,6,,,1,70,5,16150,6,,,1,30,5,16151,6,,,1,70,7,16152,6,,,1,30,7,16153,6,,,1,70,7,16154,6,,,1,30,7,16102,6,,,1,70,7,16103,6,,,1
90200,'Weekday',608,,16157,6,,,1,20,,16158,6,,,1,20,,16159,6,,,1,60,,16160,6,,,1,20,,16161,6,,,1,20,,16162,6,,,1,60,,16163,6,,,1,20,,16164,6,,,1,20,,16165,6,,,1,60,,16166,6,,,1,20,,16167,6,,,1,20,,16168,6,,,1,60,,16169,6,,,1,20,,16170,6,,,1,20,,16171,6,,,1,60,,16172,6,,,1,20,,16173,6,,,1,20,,16174,6,,,1,60,,16175,6,,,1,20,,16176,6,,,1,20,,16177,6,,,1,60,,16178,6,,,1,20,,16179,6,,,1,20,,16180,6,,,1,60,,16181,6,,,1,20,,16182,6,,,1,20,,16183,6,,,1,60,,16184,6,,,1,20,,16185,6,,,1,20,,16186,6,,,1,60,,16187,6,,,1,20,,16188,6,,,1,20,,16189,6,,,1,60,,16190,6,,,1,20,,16191,6,,,1,20,,16192,6,,,1,60,,16193,6,,,1,20,,16194,6,,,1,20,,16195,6,,,1,60,,16196,6,,,1,30,,16197,6,,,1,70,,16198,6,,,1,30,,16199,6,,,1,70,,16200,6,,,1,30,,16201,6,,,1,70,,16202,6,,,1,30,,16203,6,,,1,70,,16204,6,,,1,30,,16155,6,,,1,70,,16156,6,,,1
90201,'SatSun',615,5,16209,40,,,1,30,5,16210,40,,,1,70,5,16211,40,,,1,30,5,16212,40,,,1,72,7,16213,40,,,1,30,7,16214,40,,,1,70,7,16215,40,,,1,30,7,16216,40,,,1,68,4,16217,40,,,1,29,7,16218,34,,,1,12,,16244,24,4,,1,58,7,16219,34,,,1,12,,16245,24,4,,1,17,4,16220,34,,,1,13,,16246,24,4,,1,57,4,16221,34,,,1,13,,16247,24,4,,1,17,4,16222,34,,,1,13,,16248,24,4,,1,57,4,16223,34,,,1,13,,16249,24,4,,1,17,4,16224,34,,,1,13,,16250,24,4,,1,57,4,16225,34,,,1,13,,16251,24,4,,1,17,4,16226,34,,,1,13,,16252,24,4,,1,57,4,16227,34,,,1,11,,16253,24,4,,1,19,4,16228,34,,,1,11,,16254,24,4,,1,59,4,16229,34,,,1,11,,16255,24,4,,1,19,4,16230,34,,,1,11,,16256,24,4,,1,59,4,16231,34,,,1,11,,16257,24,4,,1,19,4,16232,34,,,1,11,,16258,24,4,,1,60,7,16233,34,,,1,10,,16259,24,4,,1,20,7,16234,34,,,1,10,,16260,24,4,,1,60,7,16235,34,,,1,30,7,16236,34,,,1,70,7,16237,34,,,1,31,7,16238,34,,,1,70,7,16239,34,,,1,30,7,16240,34,,,1,70,7,16241,34,,,1,30,7,16242,34,,,1,70,7,16243,34,,,1,19,7,16205,40,,,1,70,47,16206,40,,,1,30,7,16207,40,,,1,70,47,16208,40,,,1
90201,'Weekday',551,8,16265,40,,,1,70,8,16266,40,,,1,30,8,16267,40,,,1,60,8,16268,40,,,1,20,8,16269,40,,,1,20,8,16270,40,,,1,52,,16271,40,4,,1,8,,16321,1,,,1,20,8,16272,40,,,1,20,8,16273,40,,,1,52,,16274,40,4,,1,8,,16315,1,,,1,12,,16275,40,4,,1,8,,16319,1,,,1,12,,16276,40,4,,1,8,,16313,1,,,1,60,8,16277,40,,,1,20,8,16278,40,,,1,12,,16279,40,4,,1,8,,16314,1,,,1,60,8,16280,40,,,1,20,6,16281,40,,,1,20,6,16282,40,,,1,54,,16283,40,4,,1,6,,16317,1,,,1,20,6,16284,40,,,1,20,6,16285,40,,,1,60,6,16286,40,,,1,20,6,16287,40,,,1,14,,16288,40,4,,1,6,,16322,1,,,1,60,6,16289,40,,,1,14,,16290,40,4,,1,6,,16320,1,,,1,20,6,16291,40,,,1,60,6,16292,40,,,1,20,6,16293,40,,,1,23,7,16294,40,,,1,60,7,16295,40,,,1,20,7,16296,40,,,1,20,7,16297,40,,,1,60,7,16298,40,,,1,20,7,16299,40,,,1,20,7,16310,40,,,1,60,7,16311,40,,,1,20,7,16312,40,,,1,13,,16300,40,4,,1,7,,16318,1,,,1,60,7,16301,40,,,1,20,7,16302,40,,,1,20,7,16303,40,,,1,69,6,16304,40,,,1,30,6,16305,40,,,1,70,6,16306,40,,,1,24,6,16307,40,,,1,64,,16308,40,4,,1,6,,16316,1,,,1,30,6,16309,40,,,1,70,6,16261,40,,,1,30,6,16262,40,,,1,70,6,16263,40,,,1,30,,16264,40,,,1
91700,'SatSun',517,,16900,36,4,,1,97,,16941,49,4,,1,30,,16901,49,4,,1,70,,16902,49,4,,1,30,,16903,49,4,,1,70,,16904,49,4,,1,33,,16905,49,4,,1,67,,16906,49,4,,1,30,,16907,49,4,,1,70,,16908,49,4,,1,30,,16909,49,4,,1,70,,16910,49,4,,1,30,,16911,49,4,,1,70,,16912,49,4,,1,30,,16913,49,4,,1,70,,16914,49,4,,1,30,,16915,49,4,,1,70,,16916,49,4,,1,30,,16917,49,4,,1,70,,16918,49,4,,1,30,,16919,49,4,,1,70,,16920,49,4,,1,30,,16921,49,4,,1,70,,16922,49,4,,1,30,,16923,49,4,,1,70,,16924,49,4,,1,30,,16925,49,4,,1,70,,16926,49,4,,1,30,,16927,49,4,,1,70,,16928,49,4,,1,30,,16929,49,4,,1,75,,16930,49,4,,1,30,,16931,49,4,,1,70,,16932,49,4,,1,25,,16933,49,4,,1,70,,16934,49,4,,1,27,,16935,49,4,,1,70,,16936,49,4,,1,30,,16937,49,4,,1,70,,16938,49,4,,1
91700,'Weekday',518,,16982,36,4,,1,29,,16964,49,4,,1,70,,16981,49,4,,1,30,,16948,49,4,,1,76,,16947,49,4,,1,30,,16945,49,4,,1,70,,16980,49,4,,1,34,,16962,49,4,,1,70,,16954,49,4,,1,30,,16961,49,4,,1,79,,16953,49,4,,1,70,,16976,49,4,,1,30,,16965,49,4,,1,73,,16958,49,4,,1,33,,16957,49,4,,1,75,,16975,49,4,,1,30,,16955,49,4,,1,66,,16971,49,4,,1,28,,16944,49,4,,1,64,,16978,49,4,,1,35,,16963,49,4,,1,65,,16942,49,4,,1,30,,16959,49,4,,1,68,,16970,49,4,,1,30,,16973,49,4,,1,70,,16952,49,4,,1,9,,16949,49,4,,1,30,,16956,49,4,,1,70,,16967,49,4,,1,30,,16950,49,4,,1,70,,16946,49,4,,1,30,,16966,49,4,,1,70,,16968,49,4,,1,30,,16972,49,4,,1,70,,16979,49,4,,1,30,,16969,49,4,,1,70,,16977,49,4,,1,30,,16960,49,4,,1,70,,16951,49,4,,1,30,,16974,49,4,,1,70,,16943,49,4,,1
91701,'SatSun',528,,16986,1,,,1,94,,16987,1,,,1,30,,16988,1,,,1,73,,16989,1,,,1,30,,16990,1,,,1,70,,16991,1,,,1,30,,16992,1,,,1,70,,16993,1,,,1,30,,16994,1,,,1,70,,16995,1,,,1,30,,16996,1,,,1,70,,16997,1,,,1,30,,16998,1,,,1,70,,16999,1,,,1,30,,17000,1,,,1,70,,17001,1,,,1,30,,17002,1,,,1,70,,17003,1,,,1,30,,17004,1,,,1,70,,17005,1,,,1,30,,17006,1,,,1,70,,17007,1,,,1,30,,17008,1,,,1,70,,17009,1,,,1,30,,17010,1,,,1,70,,17011,1,,,1,30,,17012,1,,,1,70,,17013,1,,,1,30,,17014,1,,,1,70,,17015,1,,,1,30,,17016,1,,,1,70,,17017,1,,,1,30,,17018,1,,,1,70,,17019,1,,,1,30,,17020,1,,,1,70,,17021,1,,,1,30,,17022,1,,,1,70,,17023,1,,,1
91701,'Weekday',447,,17037,1,,,1,76,,17059,1,,,1,30,,17049,1,,,1,70,,17064,1,,,1,34,,17030,1,,,1,70,,17041,1,,,1,30,,17026,1,,,1,79,,17058,1,,,1,70,,17052,1,,,1,37,,17025,1,,,1,70,,17028,1,,,1,27,,17063,1,,,1,75,,17056,1,,,1,30,,17045,1,,,1,66,,17043,1,,,1,40,,17032,1,,,1,75,,17039,1,,,1,25,,17051,1,,,1,70,,17048,1,,,1,25,,17033,1,,,1,70,,17055,1,,,1,30,,17027,1,,,1,70,,17042,1,,,1,22,,17050,1,,,1,81,,17029,1,,,1,30,,17060,1,,,1,70,,17061,1,,,1,30,,17053,1,,,1,70,,17046,1,,,1,32,,17031,1,,,1,70,,17044,1,,,1,30,,17034,1,,,1,70,,17035,1,,,1,30,,17036,1,,,1,70,,17057,1,,,1,30,,17038,1,,,1,70,,17040,1,,,1,30,,17062,1,,,1,70,,17024,1,,,1
