40701,'Weekday',528,,9765,1,0,7 26,1,83,,9766,1,,,1,19,,9764,1,,,1,20,,9767,1,0,7 26,1,72,,9768,1,,,1,25,,9769,1,0,7 26,1,77,,9770,11,,,1,22,,9771,11,0,7 26,1,78,,9772,11,,,1,22,,9773,11,0,7 26,1,66,,9774,11,,,1,20,,9775,11,0,7 26,1,80,,9776,11,,,1,20,,9777,11,0,7 26,1,88,,9778,11,,,1,22,,9779,11,0,7 26,1,78,,9780,11,,,1,22,,9781,11,0,7 26,1,78,,9782,11,,,1,32,,9783,11,0,7 26,1,68,,9784,11,,,1,33,,9785,11,0,7 26,1,67,,9786,11,,,1,33,,9787,11,0,7 26,1,77,,9788,11,,,1,23,,9789,11,0,7 26,1,77,,9790,11,,,1,72,,9791,11,0,7 26,1,32,,9792,11,,,1,22,,9793,11,0,7 26,1,82,,9794,11,,,1,73,,9795,11,,,1,27,,9796,11,,,1
41900,'Canada Day',736,,10184,15,,,1,70,,10185,15,,,1,31,,10186,15,,,1,70,,10187,15,,,1,30,,10188,15,,,1,70,,10189,15,,,1,30,,10190,15,,,1,70,,10191,15,,,1,30,,10192,15,,,1,70,,10193,15,,,1,30,,10194,15,,,1,70,,10195,15,,,1,30,,10196,15,,,1,70,,10197,15,,,1,30,,10198,15,,,1,70,,10199,15,,,1,30,,10200,15,,,1,70,,10201,15,,,1,30,,10202,15,,,1,69,,10203,15,,,1,30,,10204,15,,,1,70,,10205,15,,,1,30,,10206,15,,,1,70,,10207,15,,,1,30,,10208,15,,,1,70,,10209,15,,,1
41900,'SatSun',736,,10210,15,,,1,70,,10211,15,,,1,31,,10212,15,,,1,70,,10213,15,,,1,30,,10214,15,,,1,70,,10215,15,,,1,30,,10216,15,,,1,70,,10217,15,,,1,30,,10218,15,,,1,70,,10219,15,,,1,30,,10220,15,,,1,70,,10221,15,,,1,30,,10222,15,,,1,70,,10223,15,,,1,30,,10224,15,,,1,70,,10225,15,,,1,30,,10226,15,,,1,70,,10227,15,,,1,30,,10228,15,,,1,69,,10229,15,,,1,30,,10230,15,,,1,70,,10231,15,,,1,30,,10232,15,,,1,70,,10233,15,,,1,30,,10234,15,,,1,70,,10235,15,,,1
41900,'Weekday',716,,10242,15,,,1,31,,10243,15,,,1,73,,10244,15,,,1,30,,10245,15,,,1,70,,10246,15,,,1,29,,10247,15,,,1,67,,10248,15,,,1,32,,10249,15,,,1,68,,10250,15,,,1,30,,10251,15,,,1,70,,10252,15,,,1,32,,10253,15,,,1,68,,10254,15,,,1,32,,10255,15,,,1,70,,10256,15,,,1,32,,10257,15,,,1,71,,10258,15,,,1,30,,10259,15,,,1,70,,10260,15,,,1,33,,10261,15,,,1,67,,10262,15,,,1,30,,10263,15,,,1,70,,10264,15,,,1,30,,10265,15,,,1,70,,10267,15,,,1,30,,10266,15,,,1,70,,10236,15,,,1,30,,10237,15,,,1,70,,10238,15,,,1,30,,10239,15,,,1,70,,10240,15,,,1,82,,10241,15,,,1
91500,'Canada Day',515,,12239,59,4,,1,30,,12240,59,4,,1,65,,12241,59,4,,1,25,,12242,59,4,,1,65,,12243,59,4,,1,30,,12244,59,4,,1,70,,12245,59,4,,1,30,,12246,59,4,,1,70,,12247,59,4,,1,30,,12248,59,4,,1,25,,12249,59,4,,1,81,,12250,59,4,,1,70,,12251,59,4,,1,30,,12252,59,4,,1,70,,12253,59,4,,1,30,,12254,59,4,,1,70,,12255,59,4,,1,33,,12256,59,4,,1,70,,12257,59,4,,1,30,,12258,59,4,,1,70,,12259,59,4,,1,30,,12260,59,4,,1,70,,12261,59,4,,1,30,,12262,59,4,,1,70,,12263,59,4,,1,30,,12264,59,4,,1,70,,12265,59,4,,1,30,,12266,59,4,,1,70,,12267,59,4,,1,26,,12268,59,4,,1,70,,12269,59,4,,1,27,,12270,59,4,,1,70,,12271,59,4,,1,30,,12272,59,4,,1,20,,12273,59,4,,1,70,,12274,59,4,,1,27,,12275,59,4,,1,70,,12276,59,4,,1,30,,12277,59,4,,1,70,,12278,59,4,,1,30,,12279,59,4,,1,70,,12280,59,4,,1
91500,'SatSun',515,,12321,59,4,,1,30,,12281,59,4,,1,65,,12282,59,4,,1,25,,12283,59,4,,1,65,,12284,59,4,,1,30,,12285,59,4,,1,70,,12286,59,4,,1,30,,12287,59,4,,1,70,,12288,59,4,,1,30,,12289,59,4,,1,25,,12290,59,4,,1,81,,12291,59,4,,1,70,,12292,59,4,,1,30,,12293,59,4,,1,70,,12294,59,4,,1,30,,12295,59,4,,1,70,,12296,59,4,,1,33,,12297,59,4,,1,70,,12298,59,4,,1,30,,12299,59,4,,1,70,,12300,59,4,,1,30,,12301,59,4,,1,70,,12302,59,4,,1,30,,12303,59,4,,1,70,,12304,59,4,,1,30,,12305,59,4,,1,70,,12306,59,4,,1,30,,12307,59,4,,1,70,,12308,59,4,,1,26,,12309,59,4,,1,70,,12310,59,4,,1,27,,12311,59,4,,1,70,,12312,59,4,,1,30,,12313,59,4,,1,20,,12314,59,4,,1,70,,12315,59,4,,1,27,,12316,59,4,,1,70,,12317,59,4,,1,30,,12318,59,4,,1,70,,12319,59,4,,1,30,,12320,59,4,,1,70,,12322,59,4,,1
91500,'Weekday',432,,12323,59,4,,1,80,,12324,59,4,,1,30,,12325,59,4,,1,70,,12326,59,4,,1,33,,12327,59,4,,1,70,,12328,59,4,,1,15,,12329,59,4,,1,20,,12330,59,4,,1,64,,12331,59,4,,1,16,,12332,59,4,,1,20,,12333,59,4,,1,60,,12334,59,4,,1,20,,12335,59,4,,1,20,,12336,59,4,,1,60,,12337,59,4,,1,20,,12338,59,4,,1,20,,12339,59,4,,1,59,,12340,59,4,,1,20,,12341,59,4,,1,20,,12342,59,4,,1,60,,12343,59,4,,1,20,,12344,59,4,,1,20,,12345,59,4,,1,60,,12346,59,4,,1,20,,12347,59,4,,1,20,,12348,59,4,,1,60,,12349,59,4,,1,20,,12350,59,4,,1,20,,12351,59,4,,1,60,,12352,59,4,,1,26,,12353,59,4,,1,22,,12354,59,4,,1,63,,12355,59,4,,1,19,,12356,59,4,,1,20,,12357,59,4,,1,66,,12358,59,4,,1,20,,12359,59,4,,1,60,,12360,59,4,,1,22,,12361,59,4,,1,20,,12362,59,4,,1,57,,12363,59,4,,1,23,,12364,59,4,,1,17,,12365,59,4,,1,56,,12366,59,4,,1,23,,12367,59,4,,1,25,,12368,59,4,,1,70,,12369,59,4,,1,30,,12370,59,4,,1,70,,12371,59,4,,1,28,,12372,59,4,,1,68,,12373,59,4,,1,30,,12374,59,4,,1,70,,12375,59,4,,1,30,,12376,59,4,,1,70,,12377,59,4,,1,30,,12378,59,4,,1
91601,'Canada Day',526,,12639,1,,,1,30,,12640,1,,,1,65,,12641,1,,,1,25,,12642,1,,,1,65,,12643,1,,,1,30,,12644,1,,,1,70,,12645,1,,,1,30,,12646,1,,,1,70,,12647,1,,,1,30,,12648,1,,,1,65,,12649,1,,,1,35,,12650,1,,,1,70,,12651,1,,,1,30,,12652,1,,,1,70,,12653,1,,,1,30,,12654,1,,,1,70,,12655,1,,,1,33,,12656,1,,,1,70,,12657,1,,,1,30,,12658,1,,,1,70,,12659,1,,,1,30,,12660,1,,,1,70,,12661,1,,,1,30,,12662,1,,,1,70,,12663,1,,,1,30,,12664,1,,,1,70,,12665,1,,,1,30,,12666,1,,,1,70,,12667,1,,,1,26,,12668,1,,,1,70,,12669,1,,,1,27,,12670,1,,,1,70,,12671,1,,,1,30,,12672,1,,,1,65,,12673,1,,,1,30,,12674,1,,,1,27,,12675,1,,,1,70,,12676,1,,,1,71,,12677,1,,,1
91601,'Overnight',434,,13214,1,,,1,70,,13215,1,,,1,2330,,12679,1,,,1,70,,12681,1,,,1
91601,'SatSun',526,,12682,1,,,1,30,,12683,1,,,1,65,,12684,1,,,1,25,,12685,1,,,1,65,,12686,1,,,1,30,,12687,1,,,1,70,,12688,1,,,1,30,,12689,1,,,1,70,,12690,1,,,1,30,,12691,1,,,1,65,,12692,1,,,1,35,,12693,1,,,1,70,,12694,1,,,1,30,,12695,1,,,1,70,,12696,1,,,1,30,,12697,1,,,1,70,,12698,1,,,1,33,,12699,1,,,1,70,,12700,1,,,1,30,,12701,1,,,1,70,,12702,1,,,1,30,,12703,1,,,1,70,,12704,1,,,1,30,,12705,1,,,1,70,,12706,1,,,1,30,,12707,1,,,1,70,,12708,1,,,1,30,,12709,1,,,1,70,,12710,1,,,1,26,,12711,1,,,1,70,,12712,1,,,1,27,,12713,1,,,1,70,,12714,1,,,1,30,,12715,1,,,1,65,,12716,1,,,1,30,,12717,1,,,1,27,,12718,1,,,1,70,,12719,1,,,1,71,,12720,1,,,1
91601,'Weekday',522,,12721,1,,,1,28,,12722,1,,,1,70,,12723,1,,,1,30,,12724,1,,,1,65,,12725,1,,,1,20,,12726,1,,,1,20,,12727,1,,,1,60,,12728,1,,,1,20,,12729,1,,,1,20,,12730,1,,,1,60,,12731,1,,,1,20,,12732,1,,,1,20,,12733,1,,,1,60,,12734,1,,,1,20,,12735,1,,,1,20,,12736,1,,,1,60,,12737,1,,,1,20,,12738,1,,,1,20,,12739,1,,,1,60,,12740,1,,,1,20,,12741,1,,,1,20,,12742,1,,,1,60,,12743,1,,,1,20,,12744,1,,,1,20,,12745,1,,,1,61,,12746,1,,,1,20,,12747,1,,,1,20,,12748,1,,,1,60,,12749,1,,,1,25,,12750,1,,,1,65,,12751,1,,,1,20,,12752,1,,,1,20,,12753,1,,,1,60,,12754,1,,,1,23,,12755,1,,,1,20,,12756,1,,,1,60,,12757,1,,,1,22,,12758,1,,,1,20,,12759,1,,,1,60,,12760,1,,,1,40,,12762,1,,,1,60,,12763,1,,,1,20,,12764,1,,,1,25,,12765,1,,,1,70,,12766,1,,,1,30,,12767,1,,,1,70,,12768,1,,,1,30,,12769,1,,,1,70,,12770,1,,,1,74,,12771,1,,,1
