40301,'SatSun',601,,14371,2,,,1,30,,14372,2,,,1,70,,14373,2,,,1,30,,14374,2,,,1,70,,14375,2,,,1,30,,14376,2,,,1,70,,14377,2,,,1,30,,14378,2,,,1,70,,14379,2,,,1,30,,14380,2,,,1,70,,14381,2,,,1,30,,14382,2,,,1,70,,14383,2,,,1,30,,14384,2,,,1,70,,14385,2,,,1,30,,14386,2,,,1,70,,14387,2,,,1,30,,14388,2,,,1,70,,14389,2,,,1,30,,14390,2,,,1,70,,14391,2,,,1,30,,14392,2,,,1,73,,14393,2,,,1,27,,14394,2,,,1,70,,14395,2,,,1,30,,14396,2,,,1,70,,14397,2,,,1,30,,14398,2,,,1,70,,14399,2,,,1,30,,14400,2,,,1,70,,14401,2,,,1,30,,14402,2,,,1,70,,14403,2,,,1
40301,'Weekday',604,,14414,2,,,1,30,,14413,2,,,1,20,,14404,2,0,10 31 32,1,50,,14415,2,,,1,20,,14405,2,0,10 31 32,1,10,,14416,2,,,1,20,,14406,2,0,10 31 32,1,50,,14417,2,,,1,30,,14418,2,,,1,70,,14419,2,,,1,28,,14420,2,,,1,70,,14421,2,,,1,30,,14422,2,,,1,70,,14423,2,,,1,30,,14424,2,,,1,70,,14425,2,,,1,30,,14426,2,,,1,70,,14427,2,,,1,30,,14428,2,,,1,70,,14429,2,,,1,25,,14430,2,,,1,30,,14431,2,,,1,63,,14407,2,0,10 31 32,1,7,,14432,2,,,1,23,,14408,2,0,10 31 32,1,7,,14433,2,,,1,63,,14409,2,0,10 31 32,1,7,,14434,2,,,1,23,,14410,2,0,10 31 32,1,7,,14435,2,,,1,63,,14411,2,0,10 31 32,1,7,,14436,2,,,1,23,,14412,2,0,10 31 32,1,7,,14437,2,,,1,70,,14438,2,,,1,30,,14439,2,,,1,70,,14440,2,,,1,30,,14441,2,,,1,70,,14442,2,,,1,30,,14443,2,,,1,70,,14444,2,,,1,74,,14445,2,,,1,32,,14446,2,,,1
42100,'SatSun',948,,15114,2,,,1,70,,15115,2,,,1,30,,15116,2,,,1,70,,15117,2,,,1,30,,15118,2,,,1,70,,15119,2,,,1,30,,15120,2,,,1,70,,15121,2,,,1,30,,15122,2,,,1,70,,15123,2,,,1,30,,15124,2,,,1,70,,15125,2,,,1,30,,15126,2,,,1,70,,15127,2,,,1,30,,15128,2,,,1,70,,15129,2,,,1,30,,15130,2,,,1,73,,15131,2,0,10 26,1,30,,15132,2,0,10 26,1
42100,'Weekday',601,,15133,7,0,7 30,1,30,,15134,7,0,7 30,1,70,,15135,7,0,7 30,1,31,,15136,7,0,7 30,1,82,,15137,7,0,7 30,1,30,,15138,7,0,7 30,1,70,,15139,7,0,7 30,1,25,,15140,7,0,7 30,1,75,,15141,7,0,7 30,1,30,,15142,7,0,7 30,1,70,,15143,7,0,7 30,1,30,,15144,7,0,7 30,1,70,,15145,7,0,7 30,1,90,,15146,7,0,7 30,1,39,,15147,7,0,5 30,1,65,,15148,7,0,7 30,1,31,,15149,7,0,7 30,1,70,,15150,7,0,7 30,1,36,,15159,7,0,7 30,1,64,,15161,7,0,7 30,1,30,,15160,7,0,7 30,1
42101,'Weekday',1025,,15189,42,0,7 22 9,1,30,,15190,42,0,7 22 9,1,65,,15191,42,0,7 22 9,1,35,,15192,42,0,7 22 9,1,70,,15193,42,0,7 22 9,1,30,,15194,42,0,7 22 9,1,68,,15195,42,0,7 22 9,1,28,,15196,42,0,7 22 9,1,95,,15197,42,0,7 22 9,1,72,,15198,42,0,7 22 9,1,29,,15199,42,0,7 22 9,1,70,,15200,42,0,7 22 9,1,30,,15201,42,0,7 22 9,1,74,,15202,42,0,7 22 9,1,26,,15203,42,0,7 22 9,1,73,,15204,42,0,7 22 9,1,30,,15205,42,0,7 22 9,1,74,,15206,42,0,7 22 9,1,30,,15207,42,0,7 22 9,1,70,,15208,42,0,7 22 9,1
90101,'SatSun',637,,15940,19,0,7 24 25,1,70,,15941,19,0,7 24 25,1,30,,15942,19,0,7 24 25,1,70,,15943,19,0,7 24 25,1,30,,15944,19,0,7 24 25,1,70,,15945,19,0,7 24 25,1,30,,15946,19,0,7 24 25,1,70,,15947,19,0,7 24 25,1,30,,15948,19,0,7 24 25,1,70,,15949,19,0,7 24 25,1,30,,15950,19,0,7 24 25,1,70,,15951,19,0,7 24 25,1,30,,15952,19,0,7 24 25,1,70,,15953,19,0,7 24 25,1,30,,15954,19,0,7 24 25,1,70,,15955,19,0,7 24 25,1,30,,15956,19,0,7 24 25,1,70,,15957,19,0,7 24 25,1,30,,15958,19,0,7 24 25,1,70,,15959,19,0,7 24 25,1,30,,15960,19,0,7 24 25,1,70,,15961,19,0,7 24 25,1,30,,15962,19,0,7 24 25,1,70,,15963,19,0,7 24 25,1,30,,15964,19,0,7 24 25,1,70,,15965,19,0,7 24 25,1,30,,15966,19,0,7 24 25,1,70,,15967,19,0,7 24 25,1,30,,15968,19,0,7 24 25,1,70,,15969,19,0,7 24 25,1,30,,15970,19,0,7 24 25,1,70,,15971,19,0,7 24 25,1,30,,15972,24,0,7 24 25,1,82,,16005,24,0,7 24 25,1
90101,'Weekday',621,,16006,19,0,7 24 25,1,30,,16007,19,0,7 24 25,1,70,,16008,19,0,7 24 25,1,30,,16009,19,0,7 24 25,1,70,,16010,19,0,7 24 25,1,30,,16011,19,0,7 24 25,1,71,,16012,19,0,7 24 25,1,30,,16013,19,0,7 24 25,1,73,,16014,19,0,7 24 25,1,30,,16015,19,0,7 24 25,1,70,,16016,19,0,7 24 25,1,30,,16017,19,0,7 24 25,1,70,,16018,19,0,7 24 25,1,30,,16019,19,0,7 24 25,1,70,,16020,19,0,7 24 25,1,30,,16021,19,0,7 24 25,1,70,,16022,19,0,7 24 25,1,32,,16023,19,0,7 24 25,1,70,,16024,19,0,7 24 25,1,30,,16025,19,0,7 24 25,1,67,,16026,19,0,7 24 25,1,30,,16027,19,0,7 24 25,1,70,,16028,19,0,7 24 25,1,30,,16029,19,0,7 24 25,1,70,,16030,19,0,7 24 25,1,28,,16031,19,0,7 24 25,1,70,,16032,19,0,7 24 25,1,30,,16033,19,0,7 24 25,1,70,,16034,19,0,7 24 25,1,30,,16035,19,0,7 24 25,1,69,,16036,19,0,7 24 25,1,30,,16037,19,0,7 24 25,1,70,,16038,19,0,7 24 25,1,30,,16039,19,0,7 24 25,1,68,,16101,24,0,7 24 25,1
90201,'SatSun',616,,16209,41,,,1,30,,16210,41,,,1,70,,16211,41,,,1,30,,16212,41,,,1,72,,16213,41,,,1,30,,16214,41,,,1,70,,16215,41,,,1,30,,16216,41,,,1,68,,16217,41,,,1,29,,16218,35,,,1,70,,16219,35,,,1,29,,16220,35,,,1,70,,16221,35,,,1,30,,16222,35,,,1,70,,16223,35,,,1,30,,16224,35,,,1,70,,16225,35,,,1,30,,16226,35,,,1,70,,16227,35,,,1,30,,16228,35,,,1,70,,16229,35,,,1,30,,16230,35,,,1,70,,16231,35,,,1,30,,16232,35,,,1,71,,16233,35,,,1,30,,16234,35,,,1,70,,16235,35,,,1,30,,16236,35,,,1,70,,16237,35,,,1,31,,16238,35,,,1,70,,16239,35,,,1,30,,16240,35,,,1,70,,16241,35,,,1,30,,16242,35,,,1,70,,16243,35,,,1,19,,16205,41,,,1,70,,16206,41,,,1,30,,16207,41,,,1,70,,16208,41,,,1
90201,'Weekday',552,,16265,41,,,1,70,,16266,41,,,1,30,,16267,41,,,1,60,,16268,41,,,1,20,,16269,41,,,1,20,,16270,41,,,1,60,,16321,2,,,1,20,,16272,41,,,1,20,,16273,41,,,1,60,,16315,2,,,1,20,,16319,2,,,1,20,,16313,2,,,1,60,,16277,41,,,1,20,,16278,41,,,1,20,,16314,2,,,1,60,,16280,41,,,1,20,,16281,41,,,1,20,,16282,41,,,1,60,,16317,2,,,1,20,,16284,41,,,1,20,,16285,41,,,1,60,,16286,41,,,1,20,,16287,41,,,1,20,,16322,2,,,1,60,,16289,41,,,1,20,,16320,2,,,1,20,,16291,41,,,1,60,,16292,41,,,1,20,,16293,41,,,1,23,,16294,41,,,1,60,,16295,41,,,1,20,,16296,41,,,1,20,,16297,41,,,1,60,,16298,41,,,1,20,,16299,41,,,1,20,,16310,41,,,1,60,,16311,41,,,1,20,,16312,41,,,1,20,,16318,2,,,1,60,,16301,41,,,1,20,,16302,41,,,1,20,,16303,41,,,1,69,,16304,41,,,1,30,,16305,41,,,1,70,,16306,41,,,1,24,,16307,41,,,1,70,,16316,2,,,1,30,,16309,41,,,1,70,,16261,41,,,1,30,,16262,41,,,1,70,,16263,41,,,1,30,,16264,41,,,1
91701,'SatSun',528,,16986,2,,,1,95,,16987,2,,,1,30,,16988,2,,,1,73,,16989,2,,,1,30,,16990,2,,,1,70,,16991,2,,,1,30,,16992,2,,,1,70,,16993,2,,,1,30,,16994,2,,,1,70,,16995,2,,,1,30,,16996,2,,,1,70,,16997,2,,,1,30,,16998,2,,,1,70,,16999,2,,,1,30,,17000,2,,,1,70,,17001,2,,,1,30,,17002,2,,,1,70,,17003,2,,,1,30,,17004,2,,,1,70,,17005,2,,,1,30,,17006,2,,,1,70,,17007,2,,,1,30,,17008,2,,,1,70,,17009,2,,,1,30,,17010,2,,,1,70,,17011,2,,,1,30,,17012,2,,,1,69,,17013,2,,,1,30,,17014,2,,,1,70,,17015,2,,,1,30,,17016,2,,,1,70,,17017,2,,,1,30,,17018,2,,,1,70,,17019,2,,,1,30,,17020,2,,,1,70,,17021,2,,,1,30,,17022,2,,,1,70,,17023,2,,,1
91701,'Weekday',448,,17037,2,,,1,76,,17059,2,,,1,30,,17049,2,,,1,70,,17064,2,,,1,34,,17030,2,,,1,70,,17041,2,,,1,30,,17026,2,,,1,79,,17058,2,,,1,70,,17052,2,,,1,37,,17025,2,,,1,70,,17028,2,,,1,27,,17063,2,,,1,75,,17056,2,,,1,30,,17045,2,,,1,66,,17043,2,,,1,40,,17032,2,,,1,75,,17039,2,,,1,25,,17051,2,,,1,70,,17048,2,,,1,25,,17033,2,,,1,70,,17055,2,,,1,30,,17027,2,,,1,70,,17042,2,,,1,22,,17050,2,,,1,81,,17029,2,,,1,30,,17060,2,,,1,70,,17061,2,,,1,30,,17053,2,,,1,70,,17046,2,,,1,32,,17031,2,,,1,70,,17044,2,,,1,30,,17034,2,,,1,70,,17035,2,,,1,30,,17036,2,,,1,69,,17057,2,,,1,30,,17038,2,,,1,70,,17040,2,,,1,30,,17062,2,,,1,70,,17024,2,,,1
