40300,'SatSun',651,,14296,24,,,1,70,,14297,24,,,1,30,,14298,24,,,1,70,,14299,24,,,1,30,,14300,24,,,1,70,,14301,24,,,1,30,,14302,24,,,1,72,,14303,24,,,1,30,,14304,24,,,1,66,,14305,24,,,1,30,,14306,24,,,1,74,,14307,24,,,1,30,,14308,24,,,1,70,,14309,24,,,1,30,,14310,24,,,1,70,,14311,24,,,1,30,,14312,24,,,1,70,,14313,24,,,1,30,,14314,24,,,1,66,,14315,24,,,1,34,,14316,24,,,1,70,,14317,24,,,1,33,,14318,24,,,1,67,,14319,24,,,1,30,,14320,24,,,1,70,,14321,24,,,1,30,,14322,24,,,1,70,,14323,24,,,1,30,,14324,24,,,1,70,,14325,24,,,1,30,,14326,24,,,1
40300,'Weekday',627,,14347,24,,,1,16,,14331,11,,,1,14,,14363,24,,,1,56,,14332,11,,,1,14,,14358,24,,,1,16,,14333,11,,,1,14,,14364,24,,,1,56,,14334,11,,,1,14,,14365,24,,,1,30,,14366,24,,,1,70,,14367,24,,,1,32,,14368,24,,,1,70,,14369,24,,,1,30,,14370,24,,,1,70,,14327,24,,,1,30,,14328,24,,,1,70,,14329,24,,,1,30,,14330,24,,,1,70,,14341,24,,,1,30,,14342,24,,,1,70,,14343,24,,,1,73,,14344,24,,,1,22,,14345,24,,,1,15,,14335,11,,,1,15,,14346,24,,,1,55,,14336,11,,,1,15,,14348,24,,,1,15,,14337,11,,,1,15,,14349,24,,,1,55,,14338,11,,,1,15,,14350,24,,,1,15,,14339,11,,,1,15,,14351,24,,,1,55,,14340,11,,,1,15,,14352,24,,,1,30,,14353,24,,,1,70,,14354,24,,,1,29,,14355,24,,,1,70,,14356,24,,,1,30,,14357,24,,,1,70,,14359,24,,,1,30,,14360,24,,,1,70,,14361,24,,,1,30,,14362,24,,,1
42100,'Weekday',557,,15133,3,0,7 30,1,70,,15134,3,0,7 30,1,30,,15135,3,0,7 30,1,70,,15136,3,0,7 30,1,82,,15137,3,0,7 30,1,30,,15138,3,0,7 30,1,70,,15139,3,0,7 30,1,25,,15140,3,0,7 30,1,75,,15141,3,0,7 30,1,31,,15142,3,0,7 30,1,70,,15143,3,0,7 30,1,30,,15144,3,0,7 30,1,70,,15145,3,0,7 30,1,90,,15146,3,0,7 30,1,39,,15147,3,0,5 30,1,65,,15148,3,0,7 30,1,30,,15149,3,0,7 30,1,70,,15150,3,0,7 30,1,36,,15159,3,0,7 30,1,64,,15161,3,0,7 30,1,30,,15160,3,0,7 30,1
42101,'SatSun',955,,15162,12,0,54 22 23 13,1,70,,15163,12,0,54 22 23 13,1,75,,15164,41,0,54 22 23 13,1,30,,15165,41,0,54 22 23 13,1,70,,15166,41,0,54 22 23 13,1,30,,15167,41,0,54 22 23 13,1,70,,15168,41,0,54 22 23 13,1,30,,15169,41,0,54 22 23 13,1,70,,15170,41,0,54 22 23 13,1,30,,15171,41,0,54 22 23 13,1,70,,15172,41,0,54 22 23 13,1,30,,15173,41,0,54 22 23 13,1,70,,15174,41,0,54 22 23 13,1,30,,15175,41,0,54 22 23 13,1,70,,15176,41,0,54 22 23 13,1,30,,15177,41,0,54 22 23 13,1,70,,15178,41,0,54 22 23 13,1,30,,15179,41,0,54 22 23 13,1,70,,15180,41,0,54 22 23 13,1
42101,'Weekday',1019,,15189,38,0,7 22 9,1,30,,15190,38,0,7 22 9,1,65,,15191,38,0,7 22 9,1,35,,15192,38,0,7 22 9,1,70,,15193,38,0,7 22 9,1,30,,15194,38,0,7 22 9,1,68,,15195,38,0,7 22 9,1,28,,15196,38,0,7 22 9,1,95,,15197,38,0,7 22 9,1,73,,15198,38,0,7 22 9,1,29,,15199,38,0,7 22 9,1,70,,15200,38,0,7 22 9,1,30,,15201,38,0,7 22 9,1,74,,15202,38,0,7 22 9,1,26,,15203,38,0,7 22 9,1,73,,15204,38,0,7 22 9,1,30,,15205,38,0,7 22 9,1,74,,15206,38,0,7 22 9,1,30,,15207,38,0,7 22 9,1,70,,15208,38,0,7 22 9,1
90100,'Overnight',546,,15770,15,0,10 16 17 13,1,1712,,15772,15,,,1,70,,15771,15,,,1,618,,15769,15,0,10 16 17 13,1
90100,'SatSun',608,,15773,15,0,10 16 17 13,1,30,,15774,15,0,10 16 17 13,1,70,,15775,15,0,10 16 17 13,1,30,,15776,15,0,10 16 17 13,1,70,,15777,15,0,10 16 17 13,1,30,,15778,15,0,10 16 17 13,1,70,,15779,15,0,10 16 17 13,1,30,,15780,15,0,10 16 17 13,1,70,,15781,15,0,10 16 17 13,1,30,,15782,15,0,10 16 17 13,1,70,,15783,15,0,10 16 17 13,1,30,,15784,15,0,10 16 17 13,1,70,,15785,15,0,10 16 17 13,1,30,,15786,15,0,10 16 17 13,1,70,,15787,15,0,10 16 17 13,1,30,,15788,15,0,10 16 17 13,1,70,,15789,15,0,10 16 17 13,1,30,,15790,15,0,10 16 17 13,1,70,,15791,15,0,10 16 17 13,1,30,,15792,15,0,10 16 17 13,1,70,,15793,15,0,10 16 17 13,1,30,,15794,15,0,10 16 17 13,1,70,,15795,15,0,10 16 17 13,1,27,,15796,15,0,10 16 17 13,1,73,,15797,15,0,10 16 17 13,1,30,,15798,15,0,10 16 17 13,1,70,,15799,15,0,10 16 17 13,1,30,,15800,15,0,10 16 17 13,1,70,,15801,15,0,10 16 17 13,1,30,,15802,15,0,10 16 17 13,1,70,,15803,15,0,10 16 17 13,1,30,,15804,15,,,1,70,,15835,15,0,10 16 17 13,1,17,,15837,15,,,1
90100,'Weekday',622,,15839,15,0,10 16 17 13,1,30,,15840,15,0,10 16 17 13,1,70,,15841,15,0,10 16 17 13,1,30,,15842,15,0,10 16 17 13,1,70,,15843,15,0,10 16 17 13,1,30,,15844,15,0,10 16 17 13,1,70,,15845,15,0,10 16 17 13,1,31,,15846,15,0,10 16 17 13,1,70,,15847,15,0,10 16 17 13,1,34,,15848,15,0,10 16 17 13,1,70,,15849,15,0,10 16 17 13,1,30,,15850,15,0,10 16 17 13,1,70,,15851,15,0,10 16 17 13,1,30,,15852,15,0,10 16 17 13,1,70,,15853,15,0,10 16 17 13,1,30,,15854,15,0,10 16 17 13,1,70,,15855,15,0,10 16 17 13,1,30,,15856,15,0,10 16 17 13,1,72,,15857,15,0,10 16 17 13,1,30,,15858,15,0,10 16 17 13,1,70,,15859,15,0,10 16 17 13,1,27,,15860,15,0,10 16 17 13,1,70,,15861,15,0,10 16 17 13,1,30,,15862,15,0,10 16 17 13,1,69,,15863,15,0,10 16 17 13,1,30,,15864,15,0,10 16 17 13,1,68,,15865,15,0,10 16 17 13,1,30,,15866,15,0,10 16 17 13,1,70,,15867,15,0,10 16 17 13,1,30,,15868,15,0,10 16 17 13,1,70,,15869,15,0,10 16 17 13,1,28,,15870,15,0,10 16 17 13,1,72,,15934,15,,,1
90200,'SatSun',635,,16121,3,,,1,70,,16122,3,,,1,30,,16123,3,,,1,70,,16124,3,,,1,30,,16125,3,,,1,70,,16126,3,,,1,31,,16127,3,,,1,70,,16128,3,,,1,30,,16129,3,,,1,70,,16130,3,,,1,30,,16131,3,,,1,70,,16132,3,,,1,30,,16133,3,,,1,70,,16134,3,,,1,30,,16135,3,,,1,70,,16136,3,,,1,30,,16137,3,,,1,70,,16138,3,,,1,30,,16139,3,,,1,70,,16140,3,,,1,30,,16141,3,,,1,70,,16142,3,,,1,30,,16143,3,,,1,70,,16144,3,,,1,30,,16145,3,,,1,70,,16146,3,,,1,30,,16147,3,,,1,70,,16148,3,,,1,30,,16149,3,,,1,70,,16150,3,,,1,30,,16151,3,,,1,69,,16152,3,,,1,30,,16153,3,,,1,70,,16154,3,,,1,30,,16102,3,,,1,70,,16103,3,,,1
90200,'Weekday',604,,16157,3,,,1,20,,16158,3,,,1,20,,16159,3,,,1,60,,16160,3,,,1,20,,16161,3,,,1,20,,16162,3,,,1,60,,16163,3,,,1,20,,16164,3,,,1,20,,16165,3,,,1,60,,16166,3,,,1,20,,16167,3,,,1,20,,16168,3,,,1,60,,16169,3,,,1,20,,16170,3,,,1,20,,16171,3,,,1,60,,16172,3,,,1,20,,16173,3,,,1,20,,16174,3,,,1,60,,16175,3,,,1,20,,16176,3,,,1,20,,16177,3,,,1,60,,16178,3,,,1,20,,16179,3,,,1,20,,16180,3,,,1,60,,16181,3,,,1,20,,16182,3,,,1,20,,16183,3,,,1,60,,16184,3,,,1,20,,16185,3,,,1,20,,16186,3,,,1,60,,16187,3,,,1,20,,16188,3,,,1,20,,16189,3,,,1,60,,16190,3,,,1,20,,16191,3,,,1,20,,16192,3,,,1,60,,16193,3,,,1,20,,16194,3,,,1,20,,16195,3,,,1,60,,16196,3,,,1,30,,16197,3,,,1,70,,16198,3,,,1,30,,16199,3,,,1,70,,16200,3,,,1,30,,16201,3,,,1,70,,16202,3,,,1,30,,16203,3,,,1,70,,16204,3,,,1,30,,16155,3,,,1,70,,16156,3,,,1
91700,'SatSun',515,,16900,33,,,1,97,,16941,46,,,1,30,,16901,46,,,1,70,,16902,46,,,1,30,,16903,46,,,1,70,,16904,46,,,1,33,,16905,46,,,1,67,,16906,46,,,1,30,,16907,46,,,1,70,,16908,46,,,1,30,,16909,46,,,1,70,,16910,46,,,1,30,,16911,46,,,1,70,,16912,46,,,1,30,,16913,46,,,1,70,,16914,46,,,1,30,,16915,46,,,1,70,,16916,46,,,1,30,,16917,46,,,1,70,,16918,46,,,1,30,,16919,46,,,1,70,,16920,46,,,1,30,,16921,46,,,1,70,,16922,46,,,1,30,,16923,46,,,1,70,,16924,46,,,1,30,,16925,46,,,1,70,,16926,46,,,1,30,,16927,46,,,1,70,,16928,46,,,1,30,,16929,46,,,1,75,,16930,46,,,1,30,,16931,46,,,1,70,,16932,46,,,1,25,,16933,46,,,1,70,,16934,46,,,1,27,,16935,46,,,1,70,,16936,46,,,1,30,,16937,46,,,1,70,,16938,46,,,1
91700,'Weekday',515,,16982,33,,,1,29,,16964,46,,,1,70,,16981,46,,,1,30,,16948,46,,,1,76,,16947,46,,,1,30,,16945,46,,,1,70,,16980,46,,,1,34,,16962,46,,,1,70,,16954,46,,,1,30,,16961,46,,,1,79,,16953,46,,,1,70,,16976,46,,,1,30,,16965,46,,,1,73,,16958,46,,,1,33,,16957,46,,,1,75,,16975,46,,,1,30,,16955,46,,,1,66,,16971,46,,,1,28,,16944,46,,,1,64,,16978,46,,,1,35,,16963,46,,,1,65,,16942,46,,,1,30,,16959,46,,,1,68,,16970,46,,,1,30,,16973,46,,,1,70,,16952,46,,,1,9,,16949,46,,,1,30,,16956,46,,,1,70,,16967,46,,,1,30,,16950,46,,,1,70,,16946,46,,,1,30,,16966,46,,,1,70,,16968,46,,,1,30,,16972,46,,,1,70,,16979,46,,,1,30,,16969,46,,,1,70,,16977,46,,,1,30,,16960,46,,,1,70,,16951,46,,,1,30,,16974,46,,,1,70,,16943,46,,,1
