40500,'Canada Day',654,,9402,37,,,1,70,,9403,37,,,1,31,,9404,37,,,1,71,,9405,37,,,1,75,,9406,37,,,1,30,,9407,37,,,1,73,,9408,37,,,1,30,,9409,37,,,1,70,,9410,37,,,1,30,,9411,37,,,1,70,,9412,37,,,1,30,,9413,37,,,1,70,,9414,37,,,1,30,,9415,37,,,1,70,,9416,37,,,1,30,,9417,37,,,1,70,,9418,37,,,1,30,,9419,37,,,1,70,,9420,37,,,1,30,,9421,37,,,1,70,,9422,37,,,1,30,,9423,37,,,1,70,,9424,37,,,1,30,,9425,37,,,1,70,,9426,37,,,1,30,,9427,37,,,1,70,,9428,37,,,1,30,,9429,37,,,1,70,,9430,37,,,1,30,,9431,37,,,1,70,,9432,37,,,1,30,,9433,37,,,1
40500,'SatSun',701,,9434,37,,,1,30,,9435,37,,,1,70,,9436,37,,,1,30,,9437,37,,,1,70,,9438,37,,,1,30,,9439,37,,,1,73,,9440,37,,,1,30,,9441,37,,,1,70,,9442,37,,,1,30,,9443,37,,,1,70,,9444,37,,,1,30,,9445,37,,,1,70,,9446,37,,,1,30,,9447,37,,,1,70,,9448,37,,,1,30,,9449,37,,,1,70,,9450,37,,,1,30,,9451,37,,,1,70,,9452,37,,,1,30,,9453,37,,,1,70,,9454,37,,,1,30,,9455,37,,,1,70,,9456,37,,,1,30,,9457,37,,,1,70,,9458,37,,,1,30,,9459,37,,,1,70,,9460,37,,,1,30,,9461,37,,,1,70,,9462,37,,,1,30,,9463,37,,,1,70,,9464,37,,,1,30,,9465,37,,,1
40500,'Weekday',624,,9482,37,,,1,80,,9483,37,,,1,37,,9484,37,,,1,70,,9485,37,,,1,30,,9486,37,,,1,70,,9487,37,,,1,30,,9488,37,,,1,70,,9489,37,,,1,30,,9490,37,,,1,70,,9491,37,,,1,30,,9492,37,,,1,70,,9493,37,,,1,30,,9494,37,,,1,65,,9495,37,,,1,30,,9496,37,,,1,75,,9497,37,,,1,30,,9466,37,,,1,70,,9467,37,,,1,30,,9468,37,,,1,65,,9469,37,,,1,30,,9470,37,,,1,70,,9471,37,,,1,30,,9472,37,,,1,70,,9473,37,,,1,26,,9474,37,,,1,69,,9475,37,,,1,30,,9476,37,,,1,72,,9477,37,,,1,30,,9478,37,,,1,70,,9479,37,,,1,30,,9480,37,,,1,70,,9481,37,,,1
40701,'Weekday',529,,9765,2,0,7 26,1,83,,9766,2,,,1,19,,9764,2,,,1,20,,9767,2,0,7 26,1,72,,9768,2,,,1,25,,9769,2,0,7 26,1,77,,9770,12,,,1,22,,9771,12,0,7 26,1,78,,9772,12,,,1,22,,9773,12,0,7 26,1,66,,9774,12,,,1,20,,9775,12,0,7 26,1,80,,9776,12,,,1,20,,9777,12,0,7 26,1,88,,9778,12,,,1,22,,9779,12,0,7 26,1,78,,9780,12,,,1,22,,9781,12,0,7 26,1,78,,9782,12,,,1,32,,9783,12,0,7 26,1,68,,9784,12,,,1,33,,9785,12,0,7 26,1,67,,9786,12,,,1,33,,9787,12,0,7 26,1,77,,9788,12,,,1,23,,9789,12,0,7 26,1,77,,9790,12,,,1,72,,9791,12,0,7 26,1,32,,9792,12,,,1,22,,9793,12,0,7 26,1,82,,9794,12,,,1,73,,9795,12,,,1,27,,9796,12,,,1
41900,'Canada Day',738,,10184,16,,,1,70,,10185,16,,,1,31,,10186,16,,,1,70,,10187,16,,,1,30,,10188,16,,,1,70,,10189,16,,,1,30,,10190,16,,,1,70,,10191,16,,,1,30,,10192,16,,,1,70,,10193,16,,,1,30,,10194,16,,,1,70,,10195,16,,,1,30,,10196,16,,,1,70,,10197,16,,,1,30,,10198,16,,,1,70,,10199,16,,,1,30,,10200,16,,,1,70,,10201,16,,,1,30,,10202,16,,,1,69,,10203,16,,,1,30,,10204,16,,,1,70,,10205,16,,,1,30,,10206,16,,,1,70,,10207,16,,,1,30,,10208,16,,,1,70,,10209,16,,,1
41900,'SatSun',738,,10210,16,,,1,70,,10211,16,,,1,31,,10212,16,,,1,70,,10213,16,,,1,30,,10214,16,,,1,70,,10215,16,,,1,30,,10216,16,,,1,70,,10217,16,,,1,30,,10218,16,,,1,70,,10219,16,,,1,30,,10220,16,,,1,70,,10221,16,,,1,30,,10222,16,,,1,70,,10223,16,,,1,30,,10224,16,,,1,70,,10225,16,,,1,30,,10226,16,,,1,70,,10227,16,,,1,30,,10228,16,,,1,69,,10229,16,,,1,30,,10230,16,,,1,70,,10231,16,,,1,30,,10232,16,,,1,70,,10233,16,,,1,30,,10234,16,,,1,70,,10235,16,,,1
41900,'Weekday',718,,10242,16,,,1,31,,10243,16,,,1,73,,10244,16,,,1,30,,10245,16,,,1,70,,10246,16,,,1,29,,10247,16,,,1,67,,10248,16,,,1,32,,10249,16,,,1,68,,10250,16,,,1,30,,10251,16,,,1,70,,10252,16,,,1,32,,10253,16,,,1,68,,10254,16,,,1,32,,10255,16,,,1,70,,10256,16,,,1,32,,10257,16,,,1,71,,10258,16,,,1,30,,10259,16,,,1,70,,10260,16,,,1,33,,10261,16,,,1,67,,10262,16,,,1,30,,10263,16,,,1,70,,10264,16,,,1,30,,10265,16,,,1,70,,10267,16,,,1,30,,10266,16,,,1,70,,10236,16,,,1,30,,10237,16,,,1,70,,10238,16,,,1,30,,10239,16,,,1,70,,10240,16,,,1,82,,10241,16,,,1
91601,'Canada Day',527,,12639,2,,,1,30,,12640,2,,,1,65,,12641,2,,,1,25,,12642,2,,,1,65,,12643,2,,,1,30,,12644,2,,,1,70,,12645,2,,,1,30,,12646,2,,,1,70,,12647,2,,,1,30,,12648,2,,,1,65,,12649,2,,,1,35,,12650,2,,,1,70,,12651,2,,,1,30,,12652,2,,,1,70,,12653,2,,,1,30,,12654,2,,,1,70,,12655,2,,,1,33,,12656,2,,,1,70,,12657,2,,,1,30,,12658,2,,,1,70,,12659,2,,,1,30,,12660,2,,,1,70,,12661,2,,,1,30,,12662,2,,,1,70,,12663,2,,,1,30,,12664,2,,,1,70,,12665,2,,,1,30,,12666,2,,,1,70,,12667,2,,,1,26,,12668,2,,,1,70,,12669,2,,,1,27,,12670,2,,,1,70,,12671,2,,,1,30,,12672,2,,,1,65,,12673,2,,,1,30,,12674,2,,,1,67,,12675,2,,,1,30,,12676,2,,,1,71,,12677,2,,,1
91601,'Overnight',435,,13214,2,,,1,70,,13215,2,,,1,2330,,12679,2,,,1,70,,12681,2,,,1
91601,'SatSun',527,,12682,2,,,1,30,,12683,2,,,1,65,,12684,2,,,1,25,,12685,2,,,1,65,,12686,2,,,1,30,,12687,2,,,1,70,,12688,2,,,1,30,,12689,2,,,1,70,,12690,2,,,1,30,,12691,2,,,1,65,,12692,2,,,1,35,,12693,2,,,1,70,,12694,2,,,1,30,,12695,2,,,1,70,,12696,2,,,1,30,,12697,2,,,1,70,,12698,2,,,1,33,,12699,2,,,1,70,,12700,2,,,1,30,,12701,2,,,1,70,,12702,2,,,1,30,,12703,2,,,1,70,,12704,2,,,1,30,,12705,2,,,1,70,,12706,2,,,1,30,,12707,2,,,1,70,,12708,2,,,1,30,,12709,2,,,1,70,,12710,2,,,1,26,,12711,2,,,1,70,,12712,2,,,1,27,,12713,2,,,1,70,,12714,2,,,1,30,,12715,2,,,1,65,,12716,2,,,1,30,,12717,2,,,1,67,,12718,2,,,1,30,,12719,2,,,1,71,,12720,2,,,1
91601,'Weekday',522,,12721,2,,,1,28,,12722,2,,,1,71,,12723,2,,,1,30,,12724,2,,,1,65,,12725,2,,,1,20,,12726,2,,,1,20,,12727,2,,,1,60,,12728,2,,,1,20,,12729,2,,,1,20,,12730,2,,,1,60,,12731,2,,,1,20,,12732,2,,,1,20,,12733,2,,,1,60,,12734,2,,,1,20,,12735,2,,,1,20,,12736,2,,,1,60,,12737,2,,,1,20,,12738,2,,,1,20,,12739,2,,,1,60,,12740,2,,,1,20,,12741,2,,,1,20,,12742,2,,,1,60,,12743,2,,,1,20,,12744,2,,,1,20,,12745,2,,,1,61,,12746,2,,,1,20,,12747,2,,,1,20,,12748,2,,,1,60,,12749,2,,,1,25,,12750,2,,,1,65,,12751,2,,,1,20,,12752,2,,,1,20,,12753,2,,,1,60,,12754,2,,,1,23,,12755,2,,,1,20,,12756,2,,,1,60,,12757,2,,,1,22,,12758,2,,,1,20,,12759,2,,,1,60,,12760,2,,,1,39,,12762,2,,,1,60,,12763,2,,,1,20,,12764,2,,,1,25,,12765,2,,,1,70,,12766,2,,,1,30,,12767,2,,,1,70,,12768,2,,,1,30,,12769,2,,,1,70,,12770,2,,,1,74,,12771,2,,,1
