41000,'SatSun',712,,14844,42,4,,1,30,,14845,42,4,,1,70,,14846,42,4,,1,30,,14847,42,4,,1,70,,14848,42,4,,1,30,,14849,42,4,,1,72,,14850,42,4,,1,30,,14851,42,4,,1,70,,14852,42,4,,1,30,,14853,42,4,,1,70,,14854,42,4,,1,30,,14855,42,4,,1,70,,14856,42,4,,1,32,,14857,42,4,,1,70,,14858,42,4,,1,30,,14859,42,4,,1,70,,14860,42,4,,1,30,,14861,42,4,,1,70,,14862,42,4,,1,30,,14863,42,4,,1,70,,14864,42,4,,1,30,,14876,42,4,,1,68,,14865,42,4,,1,30,,14866,42,4,,1,70,,14867,42,4,,1,30,,14868,42,4,,1,70,,14869,42,4,,1,30,,14870,42,4,,1,70,,14871,42,4,,1,30,,14872,42,4,,1,70,,14873,42,4,,1,30,,14874,42,4,,1,70,,14875,42,4,,1
41000,'Weekday',639,,14877,42,4,,1,70,,14878,42,4,,1,30,,14879,42,4,,1,70,,14880,42,4,,1,30,,14881,42,4,,1,70,,14882,42,4,,1,30,,14883,42,4,,1,70,,14884,42,4,,1,30,,14885,42,4,,1,70,,14886,42,4,,1,30,,14887,42,4,,1,70,,14888,42,4,,1,30,,14889,42,4,,1,70,,14890,42,4,,1,30,,14891,42,4,,1,70,,14892,42,4,,1,40,,14893,42,4,,1,60,,14894,42,4,,1,30,,14895,42,4,,1,70,,14896,42,4,,1,30,,14897,42,4,,1,70,,14898,42,4,,1,30,,14899,42,4,,1,76,,14900,42,4,,1,24,,14901,42,4,,1,70,,14902,42,4,,1,31,,14903,42,4,,1,69,,14904,42,4,,1,30,,14905,42,4,,1,70,,14906,42,4,,1,30,,14907,42,4,,1,70,,14908,42,4,,1,30,,14909,42,4,,1,70,,14910,42,4,,1,30,,14911,42,4,,1
41001,'SatSun',619,,14912,1,,,1,30,,14913,1,,,1,70,,14914,1,,,1,30,,14915,1,,,1,70,,14916,1,,,1,30,,14917,1,,,1,70,,14918,1,,,1,30,,14919,1,,,1,70,,14920,1,,,1,30,,14921,1,,,1,70,,14922,1,,,1,30,,14923,1,,,1,70,,14924,1,,,1,30,,14925,1,,,1,70,,14926,1,,,1,30,,14927,1,,,1,70,,14928,1,,,1,30,,14929,1,,,1,70,,14930,1,,,1,30,,14931,1,,,1,70,,14932,1,,,1,30,,14933,1,,,1,70,,14934,1,,,1,30,,14935,1,,,1,70,,14936,1,,,1,30,,14937,1,,,1,70,,14938,1,,,1,30,,14939,1,,,1,70,,14940,1,,,1,30,,14941,1,,,1,70,,14942,1,,,1,30,,14943,1,,,1,70,,14944,1,,,1
41001,'Weekday',540,,14978,1,,,1,85,,14945,1,,,1,30,,14946,1,,,1,70,,14947,1,,,1,30,,14948,1,,,1,70,,14949,1,,,1,30,,14950,1,,,1,70,,14951,1,,,1,30,,14952,1,,,1,70,,14953,1,,,1,30,,14954,1,,,1,70,,14955,1,,,1,30,,14956,1,,,1,70,,14957,1,,,1,30,,14958,1,,,1,70,,14959,1,,,1,30,,14960,1,,,1,70,,14961,1,,,1,25,,14962,1,,,1,70,,14963,1,,,1,30,,14964,1,,,1,70,,14965,1,,,1,30,,14966,1,,,1,70,,14967,1,,,1,30,,14968,1,,,1,70,,14969,1,,,1,30,,14970,1,,,1,70,,14971,1,,,1,22,,14972,1,,,1,67,,14973,1,,,1,30,,14974,1,,,1,70,,14975,1,,,1,30,,14976,1,,,1,70,,14977,1,,,1,30,,14980,1,,,1,70,,14979,1,,,1,30,,14981,1,,,1,19,,14982,1,,,1,100,,14983,1,,,1
41900,'SatSun',743,,14984,18,4,,1,70,,14985,18,4,,1,30,,14986,18,4,,1,70,,14987,18,4,,1,30,,14988,18,4,,1,70,,14989,18,4,,1,30,,14990,18,4,,1,70,,14991,18,4,,1,30,,14992,18,4,,1,70,,14993,18,4,,1,30,,14994,18,4,,1,70,,14995,18,4,,1,30,,14996,18,4,,1,70,,14997,18,4,,1,30,,14998,18,4,,1,70,,14999,18,4,,1,30,,15000,18,4,,1,70,,15001,18,4,,1,30,,15002,18,4,,1,70,,15003,18,4,,1,30,,15004,18,4,,1,70,,15005,18,4,,1,30,,15006,18,4,,1,70,,15007,18,4,,1,30,,15008,18,4,,1,70,,15009,18,4,,1,30,,15010,18,4,,1,70,,15011,18,4,,1,30,,15012,18,4,,1,70,,15013,18,4,,1,30,,15014,18,4,,1
41900,'Weekday',723,,15021,18,4,,1,31,,15022,18,4,,1,73,,15023,18,4,,1,30,,15024,18,4,,1,70,,15025,18,4,,1,29,,15026,18,4,,1,67,,15027,18,4,,1,32,,15028,18,4,,1,68,,15029,18,4,,1,30,,15030,18,4,,1,70,,15031,18,4,,1,32,,15032,18,4,,1,68,,15033,18,4,,1,33,,15034,18,4,,1,70,,15035,18,4,,1,32,,15036,18,4,,1,71,,15037,18,4,,1,30,,15038,18,4,,1,70,,15039,18,4,,1,73,,15040,18,4,,1,27,,15041,18,4,,1,30,,15042,18,4,,1,70,,15043,18,4,,1,30,,15044,18,4,,1,70,,15046,18,4,,1,30,,15045,18,4,,1,70,,15015,18,4,,1,30,,15016,18,4,,1,70,,15017,18,4,,1,30,,15018,18,4,,1,70,,15019,18,4,,1,82,,15020,18,4,,1
41901,'SatSun',718,,15049,1,,,1,30,,15050,1,,,1,70,,15051,1,,,1,30,,15052,1,,,1,70,,15053,1,,,1,30,,15054,1,,,1,70,,15055,1,,,1,30,,15056,1,,,1,70,,15057,1,,,1,30,,15058,1,,,1,70,,15059,1,,,1,30,,15060,1,,,1,70,,15061,1,,,1,30,,15062,1,,,1,70,,15063,1,,,1,30,,15064,1,,,1,70,,15065,1,,,1,30,,15066,1,,,1,70,,15067,1,,,1,30,,15068,1,,,1,70,,15069,1,,,1,30,,15070,1,,,1,70,,15071,1,,,1,30,,15072,1,,,1,70,,15073,1,,,1,30,,15074,1,,,1,70,,15075,1,,,1,30,,15076,1,,,1,70,,15077,1,,,1,30,,15078,1,,,1,70,,15079,1,,,1,30,,15080,1,,,1
41901,'Weekday',635,,15086,1,,,1,70,,15106,1,,,1,30,,15087,1,,,1,70,,15107,1,,,1,30,,15088,1,,,1,70,,15089,1,,,1,30,,15108,1,,,1,70,,15090,1,,,1,30,,15091,1,,,1,70,,15109,1,,,1,30,,15092,1,,,1,70,,15093,1,,,1,30,,15094,1,,,1,70,,15110,1,,,1,30,,15095,1,,,1,70,,15096,1,,,1,30,,15097,1,,,1,70,,15098,1,,,1,30,,15111,1,,,1,70,,15099,1,,,1,30,,15100,1,,,1,70,,15112,1,,,1,30,,15101,1,,,1,70,,15102,1,,,1,30,,15113,1,,,1,70,,15103,1,,,1,30,,15104,1,,,1,70,,15081,1,,,1,30,,15082,1,,,1,70,,15083,1,,,1,30,,15084,1,,,1,85,,15085,1,,,1
42300,'Weekday',724,,15209,42,,,1,30,,15210,42,,,1,72,,15211,42,,,1,30,,15212,42,,,1,70,,15213,42,,,1,30,,15226,42,,,1,70,,15227,42,,,1,30,,15228,42,,,1,70,2,15220,42,,,1,30,2,15221,42,,,1,70,2,15222,42,,,1,30,2,15223,42,,,1,70,2,15225,42,,,1,30,2,15229,42,,,1,70,2,15230,42,,,1,30,2,15231,42,,,1,72,4,15224,42,,,1,30,2,15232,42,,,1,70,2,15214,42,,,1,30,2,15215,42,,,1,70,2,15216,42,,,1,30,2,15217,42,,,1,70,2,15218,42,,,1,30,2,15219,42,,,1,75,7,15233,42,,,1,70,47,15234,42,,,1,30,7,15235,42,,,1
42301,'Weekday',610,,15236,5,,,1,30,,15237,5,,,1,70,,15238,5,,,1,32,4,15246,5,,,1,70,4,15247,5,,,1,30,2,15248,5,,,1,70,2,15256,5,,,1,30,2,15257,5,,,1,70,2,15258,5,,,1,30,2,15259,5,,,1,70,2,15260,5,,,1,30,2,15250,5,,,1,70,2,15251,5,,,1,30,2,15252,5,,,1,70,2,15253,5,,,1,30,2,15255,5,,,1,70,2,15261,5,,,1,30,2,15254,5,,,1,70,2,15262,5,,,1,30,,15249,5,,,1,70,,15239,5,,,1,30,,15240,5,,,1,74,,15241,5,,,1,26,,15242,5,,,1,70,,15243,5,,,1,30,,15244,5,,,1,70,,15245,5,,,1
