30200,'SatSun',711,,14000,45,,,1,30,,14001,45,,,1,70,,14002,45,,,1,30,,14003,45,,,1,70,,14004,45,,,1,30,,14005,45,,,1,70,,14006,45,,,1,30,,14007,45,,,1,70,,14008,45,,,1,30,,14009,45,,,1,70,,14010,45,,,1,30,,14011,45,,,1,70,,14012,45,,,1,30,,14013,45,,,1,70,,14014,45,,,1,30,,14015,45,,,1,70,,14016,45,,,1,30,,14017,45,,,1,70,,14018,45,,,1,30,,14019,45,,,1,70,,14020,45,,,1,30,,14021,45,,,1,70,,14022,45,,,1,30,,14023,45,,,1,70,,14024,45,,,1,30,,14025,45,,,1,70,,14026,45,,,1,30,,14027,45,,,1,70,,14028,45,,,1,30,,14029,45,,,1,70,,14030,45,,,1,30,,14031,45,,,1,80,,14032,45,,,1,20,,14033,45,,,1
30200,'Weekday',512,,14034,18,,,1,30,,14035,18,,,1,64,,14036,45,,,1,30,,14037,45,,,1,70,,14038,45,,,1,30,,14039,45,,,1,70,,14040,45,,,1,32,,14041,45,,,1,68,,14042,45,,,1,30,,14043,45,,,1,70,,14044,45,,,1,30,,14045,45,,,1,70,,14046,45,,,1,30,,14047,45,,,1,70,,14048,45,,,1,30,,14049,45,,,1,70,,14050,45,,,1,30,,14051,45,,,1,70,,14052,45,,,1,32,,14053,45,,,1,70,,14054,45,,,1,30,,14055,45,,,1,70,,14056,45,,,1,30,,14057,45,,,1,70,,14058,45,,,1,30,,14059,45,,,1,64,,14060,45,,,1,30,,14061,45,,,1,70,,14062,45,,,1,33,,14063,45,,,1,70,,14064,45,,,1,30,,14065,45,,,1,70,,14066,45,,,1,30,,14067,45,,,1,70,,14068,45,,,1,30,,14069,45,,,1,70,,14070,45,,,1,30,,14071,45,,,1
40901,'SatSun',640,,14777,1,,,1,70,,14778,1,,,1,30,,14779,1,,,1,70,,14780,1,,,1,30,,14781,1,,,1,70,,14782,1,,,1,30,,14783,1,,,1,70,,14784,1,,,1,30,,14785,1,,,1,70,,14786,1,,,1,30,,14787,1,,,1,70,,14788,1,,,1,30,,14789,1,,,1,70,,14790,1,,,1,30,,14791,1,,,1,70,,14792,1,,,1,30,,14793,1,,,1,70,,14794,1,,,1,30,,14795,1,,,1,70,,14796,1,,,1,30,,14797,1,,,1,70,,14798,1,,,1,30,,14799,1,,,1,70,,14800,1,,,1,30,,14801,1,,,1,70,,14802,1,,,1,30,,14803,1,,,1,70,,14804,1,,,1,30,,14807,1,,,1,70,,14808,1,,,1,30,,14809,1,,,1,70,,14805,1,,,1,30,,14810,1,,,1,70,,14806,1,,,1
40901,'Weekday',629,,14843,1,,,1,30,,14817,1,,,1,70,,14818,1,,,1,30,,14819,1,,,1,70,,14820,1,,,1,30,,14821,1,,,1,70,,14822,1,,,1,30,,14823,1,0,5 22 23 13,1,70,,14824,1,,,1,30,,14825,1,,,1,70,,14826,1,,,1,29,,14827,1,0,5 22 23 13,1,71,,14828,1,,,1,30,,14829,1,,,1,70,,14830,1,,,1,30,,14831,1,0,5 22 23 13,1,70,,14832,1,,,1,30,,14833,1,,,1,70,,14834,1,0,7 22 23 13,1,30,,14835,1,,,1,70,,14836,1,,,1,30,,14837,1,,,1,70,,14838,1,,,1,30,,14839,1,,,1,70,,14840,1,,,1,30,,14841,1,,,1,70,,14842,1,,,1,30,,14811,1,,,1,70,,14812,1,,,1,30,,14813,1,,,1,70,,14814,1,,,1,30,,14815,1,,,1,83,,14816,1,,,1
41901,'SatSun',640,,15047,13,4,,1,70,,15048,13,4,,1,30,,15049,18,4,,1,70,,15050,18,4,,1,30,,15051,18,4,,1,70,,15052,18,4,,1,30,,15053,18,4,,1,70,,15054,18,4,,1,30,,15055,18,4,,1,70,,15056,18,4,,1,30,,15057,18,4,,1,70,,15058,18,4,,1,30,,15059,18,4,,1,70,,15060,18,4,,1,30,,15061,18,4,,1,70,,15062,18,4,,1,30,,15063,18,4,,1,70,,15064,18,4,,1,30,,15065,18,4,,1,70,,15066,18,4,,1,30,,15067,18,4,,1,70,,15068,18,4,,1,30,,15069,18,4,,1,70,,15070,18,4,,1,30,,15071,18,4,,1,70,,15072,18,4,,1,30,,15073,18,4,,1,70,,15074,18,4,,1,30,,15075,18,4,,1,70,,15076,18,4,,1,30,,15077,18,4,,1,70,,15078,18,4,,1,30,,15079,18,4,,1,70,,15080,18,4,,1
41901,'Weekday',623,,15105,13,4,,1,34,,15086,18,4,,1,70,,15106,18,4,,1,30,,15087,18,4,,1,70,,15107,18,4,,1,30,,15088,18,4,,1,70,,15089,18,4,,1,30,,15108,18,4,,1,70,,15090,18,4,,1,30,,15091,18,4,,1,70,,15109,18,4,,1,30,,15092,18,4,,1,70,,15093,18,4,,1,30,,15094,18,4,,1,70,,15110,18,4,,1,30,,15095,18,4,,1,70,,15096,18,4,,1,30,,15097,18,4,,1,70,,15098,18,4,,1,30,,15111,18,4,,1,70,,15099,18,4,,1,30,,15100,18,4,,1,70,,15112,18,4,,1,30,,15101,18,4,,1,70,,15102,18,4,,1,30,,15113,18,4,,1,70,,15103,18,4,,1,30,,15104,18,4,,1,70,,15081,18,4,,1,30,,15082,18,4,,1,70,,15083,18,4,,1,30,,15084,18,4,,1,85,,15085,18,4,,1
61801,'Weekday',1055,,15461,34,0,10 53,1,168,,15468,34,0,10 53,1,579,,15463,34,0,7 44,1,129,,15464,34,0,7 44,1,186,,15465,34,0,10 53,1
90100,'Overnight',2326,,15772,42,4,,1,30,,15771,42,4,,1
90100,'SatSun',2209,,15804,42,4,,1,44,,15837,42,4,,1
90100,'Weekday',2251,,15934,42,4,,1
90101,'SatSun',2211,,15972,1,0,7 24 25,1,41,,16005,1,0,7 24 25,1
90101,'Weekday',2252,,16101,1,0,7 24 25,1
90501,'SatSun',645,,16422,38,,,1,170,,16423,38,,,1,130,,16424,38,,,1,170,,16425,38,,,1,130,,16426,38,,,1,170,,16427,38,,,1,130,,16428,38,,,1,170,,16429,38,,,1,130,,16430,38,,,1,170,,16431,38,,,1,185,,16432,38,,,1
90501,'Weekday',631,,16460,38,,,1,170,,16461,38,,,1,130,,16462,38,,,1,126,,16463,38,,,1,170,,16464,38,,,1,177,,16465,38,,,1,129,,16466,38,,,1,174,,16467,38,,,1,130,,16468,38,,,1,170,,16469,38,,,1,130,,16470,38,,,1,119,,16495,38,,,1
1400000200,'Overnight',332,,17230,36,4,,1,70,,17225,36,4,,1,30,,17219,36,4,,1,27,,17229,36,4,,1,70,,17223,36,4,,1,1902,,17222,36,4,,1,70,,17218,36,4,,1,28,,17231,36,4,,1,30,,17217,36,4,,1,70,,17220,36,4,,1,73,,17224,36,4,,1,30,,17221,36,4,,1,70,,17227,36,4,,1,30,,17226,36,4,,1,27,,17228,36,4,,1,70,,17232,36,4,,1
1400000201,'Overnight',302,,17243,1,,,1,30,,17238,1,,,1,70,,17242,1,,,1,30,,17236,1,,,1,27,,17237,1,,,1,70,,17239,1,,,1,1801,,17233,1,,,1,70,,17245,1,,,1,31,,17244,1,,,1,70,,17234,1,,,1,28,,17235,1,,,1,30,,17240,1,,,1,70,,17241,1,,,1,73,,17248,1,,,1,30,,17249,1,,,1,70,,17250,1,,,1,30,,17251,1,,,1,27,,17252,1,,,1,70,,17253,1,,,1
