11200,'SatSun',718,,13239,2,,,1,30,,13253,2,,,1,70,,13240,2,,,1,30,,13254,2,,,1,70,,13241,2,,,1,30,,13255,2,,,1,70,,13242,2,,,1,30,,13256,2,,,1,70,,13243,2,,,1,30,,13257,2,,,1,70,,13244,2,,,1,30,,13258,2,,,1,70,,13245,2,,,1,30,,13259,2,,,1,70,,13246,2,,,1,30,,13260,2,,,1,70,,13247,2,,,1,30,,13261,2,,,1,70,,13248,2,,,1,30,,13262,2,,,1,70,,13249,2,,,1,30,,13263,2,,,1,70,,13250,2,,,1,30,,13264,2,,,1,70,,13251,2,,,1,30,,13265,2,,,1,70,,13252,2,,,1,30,,13266,2,,,1
11200,'Weekday',653,,13269,2,,,1,70,,13291,2,,,1,30,,13292,2,,,1,70,,13287,2,,,1,30,,13279,2,,,1,72,,13276,2,,,1,30,,13285,2,,,1,70,,13282,2,,,1,30,,13268,2,,,1,70,,13273,2,,,1,30,,13270,2,,,1,70,,13278,2,,,1,24,,13290,2,,,1,71,,13277,2,,,1,23,,13274,2,,,1,74,,13272,2,,,1,25,,13271,2,,,1,67,,13275,2,,,1,30,,13288,2,,,1,73,,13284,2,,,1,35,,13286,2,,,1,70,,13289,2,,,1,25,,13280,2,,,1,70,,13281,2,,,1,34,,13283,2,,,1,72,,13267,2,,,1
11800,'Weekday',625,,13355,2,,,1,30,,13374,2,,,1,70,,13366,2,,,1,30,,13364,2,,,1,70,,13377,2,,,1,30,,13362,2,,,1,70,,13363,2,,,1,30,,13369,2,,,1,70,,13356,2,,,1,30,,13372,2,,,1,64,,13358,2,,,1,27,,13375,2,,,1,66,,13359,2,,,1,30,,13352,2,,,1,70,,13373,2,,,1,30,,13351,2,,,1,70,,13367,2,,,1,30,,13354,2,,,1,70,,13360,2,,,1,30,,13376,2,,,1,70,,13370,2,,,1,30,,13357,2,,,1,70,,13368,2,,,1,36,,13361,2,,,1,75,,13371,2,,,1,24,,13353,2,,,1,69,,13365,2,,,1
12101,'SatSun',709,,13482,2,,,1,30,,13483,2,,,1,70,,13484,2,,,1,30,,13485,2,,,1,70,,13486,2,,,1,30,,13487,2,,,1,70,,13488,2,,,1,30,,13489,2,,,1,70,,13490,2,,,1,33,,13491,2,,,1,70,,13492,2,,,1,30,,13493,2,,,1,70,,13494,2,,,1,30,,13495,2,,,1,70,,13496,2,,,1,30,,13497,2,,,1,70,,13498,2,,,1,30,,13499,2,,,1,70,,13500,2,,,1,30,,13501,2,,,1,70,,13502,2,,,1,30,,13503,2,,,1,70,,13504,2,,,1,30,,13505,2,,,1,70,,13506,2,,,1,30,,13507,2,,,1,70,,13508,2,,,1,30,,13509,2,,,1,70,,13510,2,,,1,30,,13511,2,,,1,70,,13512,2,,,1,30,,13513,2,,,1,70,,13514,2,,,1,30,,13515,2,,,1,70,,13516,2,,,1
12101,'Weekday',507,,13522,2,,,1,35,,13523,2,,,1,67,,13526,2,0,7 11 9,1,27,,13527,2,0,7 11 9,1,70,,13528,2,0,7 11 9,1,30,,13529,2,0,7 11 9,1,70,,13530,2,0,7 11 9,1,30,,13531,2,0,7 11 9,1,75,,13532,2,0,7 11 9,1,31,,13533,2,,,1,70,,13534,2,,,1,30,,13535,2,,,1,63,,13555,2,,,1,25,,13536,2,,,1,70,,13537,2,,,1,25,,13538,2,,,1,30,,13539,2,,,1,70,,13540,2,,,1,31,,13541,2,,,1,70,,13542,2,,,1,30,,13543,2,,,1,70,,13544,2,,,1,30,,13545,2,,,1,70,,13546,2,,,1,30,,13547,2,,,1,70,,13548,2,,,1,30,,13549,2,,,1,70,,13550,2,,,1,30,,13551,2,,,1,69,,13552,2,,,1,30,,13553,2,,,1,70,,13554,2,,,1,30,,13524,2,,,1,70,,13517,2,,,1,30,,13525,2,,,1,70,,13518,2,,,1,30,,13519,2,,,1,70,,13520,2,,,1,75,,13521,2,,,1
21100,'Weekday',618,,13556,2,,,1,30,,13557,2,,,1,70,,13558,2,,,1,30,,13559,2,,,1,70,,13560,2,,,1,30,,13561,2,,,1,567,,13567,2,,,1,229,,13562,2,,,1,70,,13563,2,,,1,30,,13564,2,,,1,70,,13565,2,,,1,30,,13566,2,,,1
90000,'SatSun',715,,15505,2,,,1,33,,15506,2,,,1,62,,15507,2,,,1,18,,15508,2,,,1,31,,15509,2,,,1,70,,15510,2,,,1,30,,15511,2,,,1,60,,15512,2,,,1,28,,15513,2,,,1,70,,15514,2,,,1,30,,15515,2,,,1,75,,15516,2,,,1,84,,15517,2,,,1,16,,15518,2,,,1,30,,15519,2,,,1,65,,15520,2,,,1,30,,15521,2,,,1,70,,15522,2,,,1,30,,15523,2,,,1,75,,15524,2,,,1,25,,15525,2,,,1,70,,15526,2,,,1,15,,15527,2,,,1,22,,15528,2,,,1,70,,15529,2,,,1,89,,15530,2,,,1,30,,15531,2,,,1,87,,15532,2,,,1,70,,15533,2,,,1,30,,15534,2,,,1
90000,'Weekday',550,,15581,2,,,1,57,,15616,2,,,1,24,,15582,2,,,1,24,,15583,2,,,1,71,,15584,2,,,1,17,,15585,2,,,1,64,,15586,2,,,1,24,,15587,2,,,1,24,,15588,2,,,1,64,,15589,2,,,1,32,,15590,2,,,1,59,,15591,2,,,1,24,,15592,2,,,1,24,,15593,2,,,1,64,,15594,2,,,1,24,,15595,2,,,1,68,,15596,2,,,1,24,,15597,2,,,1,20,,15598,2,,,1,64,,15599,2,,,1,25,,15600,2,,,1,64,,15601,2,,,1,24,,15602,2,,,1,24,,15603,2,,,1,64,,15604,2,,,1,24,,15605,2,,,1,64,,15606,2,,,1,24,,15607,2,,,1,24,,15608,2,,,1,64,,15609,2,,,1,24,,15610,2,,,1,64,,15543,2,,,1,24,,15611,2,,,1,24,,15612,2,,,1,64,,15613,2,,,1,24,,15544,2,,,1,64,,15614,2,,,1,24,,15615,2,,,1
91600,'SatSun',519,,16713,2,,,1,30,,16714,2,,,1,77,,16715,2,,,1,30,,16716,2,,,1,73,,16717,2,,,1,30,,16718,2,,,1,70,,16719,2,,,1,25,,16720,2,,,1,65,,16721,2,,,1,30,,16722,2,,,1,70,,16723,2,,,1,38,,16724,2,,,1,70,,16725,2,,,1,30,,16726,2,,,1,65,,16727,2,,,1,35,,16728,2,,,1,70,,16729,2,,,1,30,,16730,2,,,1,70,,16731,2,,,1,30,,16732,2,,,1,70,,16733,2,,,1,73,,16734,2,,,1,30,,16735,2,,,1,70,,16736,2,,,1,30,,16737,2,,,1,70,,16738,2,,,1,30,,16739,2,,,1,70,,16740,2,,,1,26,,16741,2,,,1,30,,16742,2,,,1,70,,16743,2,,,1,30,,16744,2,,,1,80,,16745,2,,,1,70,,16746,2,,,1,30,,16747,2,,,1,70,,16748,2,,,1,30,,16749,2,,,1,70,,16750,2,,,1
91600,'Weekday',413,,16754,2,,,1,30,,16755,2,,,1,70,,16756,2,,,1,30,,16757,2,,,1,70,,16758,2,,,1,20,,16759,2,,,1,20,,16760,2,,,1,60,,16761,2,,,1,20,,16762,2,,,1,20,,16763,2,,,1,60,,16764,2,,,1,20,,16765,2,,,1,20,,16766,2,,,1,60,,16767,2,,,1,20,,16768,2,,,1,20,,16769,2,,,1,60,,16770,2,,,1,20,,16771,2,,,1,20,,16772,2,,,1,60,,16773,2,,,1,20,,16774,2,,,1,20,,16775,2,,,1,60,,16776,2,,,1,20,,16777,2,,,1,20,,16778,2,,,1,60,,16779,2,,,1,20,,16780,2,,,1,20,,16781,2,,,1,60,,16782,2,,,1,20,,16783,2,,,1,20,,16784,2,,,1,62,,16785,2,,,1,18,,16786,2,,,1,20,,16787,2,,,1,60,,16788,2,,,1,20,,16789,2,,,1,25,,16790,2,,,1,60,,16791,2,,,1,20,,16792,2,,,1,20,,16793,2,,,1,60,,16794,2,,,1,20,,16795,2,,,1,20,,16796,2,,,1,65,,16797,2,,,1,25,,16798,2,,,1,70,,16799,2,,,1,30,,16800,2,,,1,70,,16801,2,,,1,30,,16802,2,,,1,70,,16751,2,,,1,30,,16752,2,,,1,70,,16753,2,,,1,30,,16804,2,,,1,70,,16805,2,,,1
92000,'Weekday',640,,17076,2,,,1,63,,17077,2,,,1,20,,17078,2,,,1,20,,17106,2,,,1,60,,17079,2,,,1,20,,17080,2,,,1,20,,17107,2,,,1,67,,17081,2,,,1,736,,17108,2,,,1,74,,17082,2,,,1,26,,17109,2,,,1,70,,17083,2,,,1,30,,17110,2,,,1,67,,17111,2,,,1
